J, 0.2,0.6,0.266667,0.466667,0.266667,0.533333,0.4,0.133333,0.333333,0.733333,0.266667,0.6,0.266667,0.4,0.133333,0.4
J, 0.333333,0.6,0.4,0.466667,0.2,0.666667,0.4,0.0666667,0.466667,0.933333,0.2,0.466667,0,0.466667,0,0.533333
J, 0.133333,0.333333,0.2,0.2,0.0666667,0.6,0.4,0.2,0.4,0.8,0.266667,0.6,0.0666667,0.4,0.0666667,0.466667
J, 0.2,0.333333,0.266667,0.533333,0.0666667,0.866667,0.133333,0.6,0.333333,0.933333,0.2,0.8,0,0.4,0,0.533333
L, 0.333333,0.733333,0.4,0.6,0.266667,0.266667,0.266667,0.0666667,0.6,0.4,0.0666667,0.666667,0,0.4,0.2,0.4
J, 0.0666667,0.0666667,0.133333,0.133333,0,0.666667,0.4,0.2,0.333333,0.8,0.266667,0.6,0.0666667,0.466667,0.0666667,0.466667
L, 0.266667,0.533333,0.4,0.4,0.2,0.333333,0.266667,0.0666667,0.666667,0.466667,0.133333,0.733333,0,0.466667,0.2,0.466667
J, 0.4,0.6,0.266667,0.866667,0.266667,0.466667,0.6,0.2,0.2,0.866667,0.266667,0.333333,0.2,0.533333,0.4,0.6
L, 0.333333,0.733333,0.333333,0.4,0.2,0.466667,0.333333,0.2,0.333333,0.8,0.466667,0.733333,0.2,0.533333,0.4,0.6
J, 0.266667,0.4,0.4,0.466667,0.333333,0.533333,0.6,0.333333,0.333333,0.466667,0.466667,0.6,0.2,0.466667,0.533333,0.4
J, 0.4,0.6,0.6,0.466667,0.333333,0.533333,0.333333,0.466667,0.466667,0.533333,0.4,0.466667,0.133333,0.4,0.266667,0.4
J, 0.0666667,0.2,0.133333,0.266667,0,0.933333,0.2,0.4,0.266667,0.866667,0.133333,0.666667,0,0.466667,0,0.533333
J, 0.2,0.4,0.266667,0.266667,0.0666667,0.666667,0.266667,0.4,0.333333,1,0.333333,0.8,0,0.466667,0.0666667,0.4
J, 0.333333,0.6,0.466667,0.466667,0.266667,0.4,0.466667,0.2,0.4,1,0.466667,0.733333,0.0666667,0.4,0.133333,0.4
J, 0.2,0.533333,0.266667,0.4,0.133333,0.6,0.333333,0.266667,0.333333,1,0.4,0.8,0.0666667,0.4,0.0666667,0.466667
J, 0.266667,0.6,0.4,0.466667,0.133333,0.666667,0.333333,0.266667,0.466667,1,0.2,0.6,0,0.466667,0,0.533333
L, 0.133333,0.2,0.133333,0.333333,0.0666667,0,0.0666667,0.333333,0.4,0,0,0.466667,0,0.533333,0,0.533333
J, 0.2,0.733333,0.266667,0.533333,0.333333,0.466667,0.466667,0.133333,0.333333,0.733333,0.333333,0.6,0.266667,0.466667,0.133333,0.4
L, 0.266667,0.6,0.333333,0.466667,0.2,0.4,0.266667,0.266667,0.533333,0.333333,0.133333,0.4,0.0666667,0.4,0.133333,0.4
L, 0.466667,0.8,0.466667,0.4,0.266667,0.4,0.4,0.266667,0.4,0.8,0.6,0.733333,0.2,0.533333,0.466667,0.533333
J, 0.133333,0.133333,0.2,0.2,0.0666667,0.6,0.4,0.2,0.4,0.8,0.266667,0.666667,0.0666667,0.4,0.0666667,0.4
L, 0.4,0.733333,0.533333,0.533333,0.666667,0.466667,0.466667,0.2,0.4,0.4,0.466667,0.733333,0.4,0.733333,0.466667,0.333333
J, 0.133333,0.466667,0.133333,0.333333,0.0666667,0.733333,0.2,0.6,0.2,0.866667,0.466667,0.866667,0.0666667,0.4,0,0.533333
J, 0.466667,0.8,0.333333,0.6,0.333333,0.533333,0.6,0.133333,0.266667,0.733333,0.4,0.466667,0.133333,0.6,0.533333,0.6
J, 0.2,0.6,0.333333,0.466667,0.2,0.333333,0.466667,0.2,0.333333,1,0.533333,0.733333,0.0666667,0.4,0.0666667,0.466667
L, 0.2,0.466667,0.266667,0.333333,0.133333,0.4,0.266667,0.0666667,0.6,0.533333,0.133333,0.733333,0,0.466667,0.133333,0.533333
J, 0.333333,0.6,0.4,0.466667,0.2,0.466667,0.466667,0.2,0.4,1,0.4,0.666667,0.0666667,0.4,0.0666667,0.466667
J, 0.333333,0.533333,0.466667,0.6,0.466667,0.533333,0.6,0.266667,0.333333,0.466667,0.466667,0.533333,0.333333,0.466667,0.666667,0.666667
L, 0.0666667,0.266667,0.133333,0.2,0.0666667,0.4,0.266667,0.133333,0.466667,0.466667,0.133333,0.6,0,0.466667,0.133333,0.533333
L, 0.4,0.6,0.533333,0.533333,0.466667,0.466667,0.466667,0.266667,0.4,0.466667,0.466667,0.533333,0.2,0.533333,0.6,0.666667
L, 0.2,0.466667,0.333333,0.4,0.266667,0.4,0.533333,0.266667,0.4,0.466667,0.4,0.6,0.133333,0.533333,0.533333,0.6
L, 0.266667,0.466667,0.333333,0.333333,0.2,0.466667,0.266667,0.0666667,0.533333,0.533333,0.133333,0.666667,0,0.4,0.133333,0.533333
L, 0.4,0.666667,0.466667,0.533333,0.4,0.4,0.4,0.466667,0.4,0.4,0.333333,0.533333,0.333333,0.466667,0.266667,0.666667
J, 0.133333,0.4,0.266667,0.266667,0.2,0.6,0.466667,0.2,0.2,0.533333,0.333333,0.4,0.266667,0.533333,0.4,0.333333
L, 0.2,0.466667,0.266667,0.333333,0.133333,0.333333,0.266667,0.0666667,0.6,0.466667,0.133333,0.666667,0,0.466667,0.133333,0.466667
J, 0.266667,0.466667,0.333333,0.333333,0.133333,0.6,0.333333,0.2,0.466667,1,0.266667,0.6,0,0.466667,0,0.533333
J, 0.2,0.4,0.266667,0.266667,0.2,0.6,0.4,0.4,0.333333,0.533333,0.4,0.466667,0.133333,0.533333,0.266667,0.4
L, 0.0666667,0.266667,0.2,0.2,0.0666667,0.4,0.333333,0.133333,0.6,0.466667,0.133333,0.666667,0,0.466667,0.2,0.466667
J, 0.0666667,0.2,0.133333,0.266667,0.0666667,0.866667,0.2,0.466667,0.266667,0.866667,0.266667,0.733333,0.0666667,0.4,0,0.533333
J, 0.133333,0.466667,0.2,0.333333,0.0666667,0.866667,0.133333,0.6,0.266667,0.933333,0.266667,0.8,0.0666667,0.4,0,0.533333
L, 0.133333,0.2,0.2,0.133333,0.0666667,0.4,0.266667,0.0666667,0.533333,0.466667,0.133333,0.666667,0,0.466667,0.133333,0.533333
L, 0.2,0.4,0.266667,0.333333,0.266667,0.533333,0.4,0.333333,0.333333,0.466667,0.466667,0.6,0.2,0.533333,0.466667,0.666667
J, 0.333333,0.6,0.4,0.466667,0.266667,0.6,0.266667,0.466667,0.4,0.533333,0.4,0.4,0.133333,0.466667,0.266667,0.4
L, 0.133333,0.2,0.2,0.266667,0.0666667,0,0.0666667,0.333333,0.4,0,0,0.4,0,0.533333,0,0.533333
L, 0.133333,0,0.133333,0.0666667,0,0.133333,0,0.4,0.266667,0,0.2,0.266667,0,0.533333,0,0.533333
J, 0.466667,0.733333,0.6,0.6,0.333333,0.466667,0.533333,0.2,0.4,1,0.4,0.666667,0.0666667,0.4,0.0666667,0.4
J, 0.2,0.333333,0.266667,0.466667,0.0666667,0.866667,0.133333,0.533333,0.333333,0.933333,0.2,0.8,0,0.4,0,0.533333
L, 0.266667,0.466667,0.333333,0.333333,0.266667,0.466667,0.4,0.533333,0.4,0.333333,0.4,0.533333,0.2,0.466667,0.333333,0.733333
J, 0.2,0.666667,0.333333,0.533333,0.333333,0.533333,0.466667,0.133333,0.333333,0.733333,0.333333,0.6,0.333333,0.4,0.2,0.266667
L, 0.4,0.6,0.533333,0.466667,0.4,0.4,0.4,0.533333,0.4,0.4,0.4,0.6,0.4,0.466667,0.333333,0.733333
J, 0.0666667,0.0666667,0.0666667,0.0666667,0,0.8,0.2,0.4,0.266667,0.866667,0.266667,0.733333,0,0.466667,0,0.533333
L, 0.333333,0.666667,0.4,0.533333,0.266667,0.333333,0.2,0.4,0.6,0.0666667,0.0666667,0.266667,0.0666667,0.4,0.0666667,0.333333
L, 0.266667,0.6,0.4,0.466667,0.266667,0.466667,0.266667,0.0666667,0.533333,0.533333,0.133333,0.666667,0,0.466667,0.2,0.533333
L, 0.2,0.466667,0.266667,0.333333,0.0666667,0,0,0.4,0.4,0,0.0666667,0.333333,0,0.533333,0,0.533333
L, 0.333333,0.733333,0.4,0.533333,0.266667,0.666667,0.2,0.133333,0.466667,0.6,0.133333,0.6,0.266667,0.333333,0.333333,0.6
L, 0.2,0.466667,0.333333,0.333333,0.2,0.466667,0.266667,0.0666667,0.466667,0.533333,0.133333,0.6,0.0666667,0.4,0.133333,0.533333
J, 0.0666667,0.0666667,0.133333,0.133333,0.0666667,0.666667,0.4,0.133333,0.4,0.8,0.266667,0.533333,0.0666667,0.466667,0.0666667,0.466667
J, 0.0666667,0.466667,0.133333,0.333333,0.0666667,0.6,0.4,0.133333,0.466667,0.733333,0.266667,0.533333,0,0.466667,0.0666667,0.4
L, 0.133333,0.266667,0.266667,0.2,0.133333,0.466667,0.266667,0.0666667,0.533333,0.533333,0.133333,0.666667,0,0.466667,0.133333,0.533333
J, 0.133333,0.2,0.133333,0.333333,0.0666667,0.8,0.2,0.6,0.2,0.866667,0.333333,0.8,0.0666667,0.4,0,0.533333
L, 0.2,0.666667,0.266667,0.466667,0.0666667,0,0.0666667,0.333333,0.4,0,0,0.466667,0,0.533333,0,0.533333
J, 0.266667,0.533333,0.333333,0.4,0.2,0.533333,0.266667,0.4,0.2,0.933333,0.533333,0.933333,0.0666667,0.4,0.0666667,0.4
J, 0,0,0.0666667,0.0666667,0,0.8,0.266667,0.333333,0.2,0.8,0.266667,0.733333,0,0.466667,0,0.533333
L, 0.4,0.8,0.333333,0.4,0.2,0.666667,0.133333,0.133333,0.333333,0.733333,0.266667,0.733333,0.133333,0.6,0.266667,0.733333
L, 0.0666667,0,0.0666667,0.0666667,0,0.133333,0.133333,0.333333,0.333333,0.0666667,0.0666667,0.4,0,0.533333,0,0.533333
J, 0.133333,0.4,0.133333,0.266667,0.0666667,1,0.2,0.2,0.333333,0.8,0.0666667,0.533333,0,0.533333,0,0.533333
J, 0.133333,0.4,0.133333,0.266667,0.0666667,0.866667,0.266667,0.333333,0.266667,0.866667,0.133333,0.6,0,0.466667,0,0.533333
L, 0.2,0.333333,0.266667,0.333333,0.2,0.533333,0.466667,0.266667,0.333333,0.466667,0.4,0.533333,0.2,0.533333,0.466667,0.666667
J, 0.0666667,0.2,0.133333,0.133333,0.0666667,0.533333,0.4,0.2,0.266667,0.933333,0.4,0.666667,0.0666667,0.466667,0,0.466667
L, 0.2,0.466667,0.266667,0.333333,0.133333,0.266667,0.333333,0.0666667,0.6,0.466667,0.133333,0.733333,0,0.533333,0.133333,0.466667
J, 0.266667,0.6,0.266667,0.466667,0.2,0.533333,0.6,0.133333,0.2,0.866667,0.333333,0.333333,0.133333,0.6,0.466667,0.6
L, 0.2,0.466667,0.2,0.333333,0.0666667,0,0.0666667,0.4,0.4,0,0.0666667,0.4,0,0.533333,0,0.533333
L, 0.666667,1,0.533333,0.533333,0.266667,0.6,0.133333,0.266667,0.333333,0.8,0.266667,0.866667,0.133333,0.466667,0.4,0.533333
J, 0.133333,0.666667,0.2,0.466667,0.2,0.533333,0.4,0.133333,0.266667,0.733333,0.333333,0.666667,0.0666667,0.4,0.133333,0.4
L, 0.2,0.4,0.2,0.266667,0.0666667,0,0.0666667,0.4,0.4,0,0.0666667,0.333333,0,0.533333,0,0.533333
J, 0.0666667,0.133333,0.133333,0.2,0.0666667,0.666667,0.4,0.133333,0.4,0.8,0.266667,0.533333,0,0.466667,0.0666667,0.466667
L, 0.2,0.6,0.333333,0.4,0.2,0.533333,0.2,0,0.533333,0.666667,0.2,0.733333,0,0.466667,0.133333,0.6
L, 0.133333,0.2,0.2,0.133333,0.0666667,0.4,0.266667,0.133333,0.533333,0.533333,0.133333,0.666667,0,0.466667,0.133333,0.533333
J, 0.133333,0.2,0.133333,0.333333,0.0666667,0.866667,0.2,0.533333,0.266667,0.866667,0.266667,0.8,0.0666667,0.4,0,0.533333
L, 0.2,0.466667,0.266667,0.333333,0.2,0.466667,0.266667,0.0666667,0.466667,0.533333,0.133333,0.666667,0,0.466667,0.133333,0.533333
J, 0.133333,0.2,0.266667,0.133333,0.0666667,0.6,0.4,0.2,0.333333,0.933333,0.4,0.666667,0,0.466667,0,0.533333
J, 0.133333,0.533333,0.2,0.4,0.133333,0.6,0.4,0.2,0.4,0.8,0.266667,0.6,0.0666667,0.4,0.133333,0.4
J, 0.133333,0.533333,0.2,0.4,0.0666667,0.866667,0.2,0.6,0.266667,0.866667,0.266667,0.8,0.0666667,0.4,0,0.533333
J, 0.266667,0.6,0.333333,0.466667,0.133333,0.666667,0.4,0.133333,0.533333,0.933333,0.2,0.533333,0,0.466667,0,0.533333
L, 0.266667,0.6,0.266667,0.466667,0.0666667,0,0,0.4,0.4,0,0,0.333333,0,0.533333,0,0.533333
J, 0.2,0.6,0.266667,0.466667,0.0666667,0.8,0.133333,0.6,0.266667,0.866667,0.466667,0.866667,0.0666667,0.4,0,0.533333
J, 0.0666667,0.0666667,0.133333,0.133333,0.0666667,0.666667,0.466667,0.133333,0.333333,0.733333,0.266667,0.533333,0,0.466667,0,0.466667
L, 0.133333,0.4,0.266667,0.266667,0.133333,0.4,0.266667,0.2,0.533333,0.4,0.133333,0.466667,0.0666667,0.4,0.133333,0.466667
J, 0.2,0.6,0.333333,0.4,0.133333,0.466667,0.333333,0.266667,0.333333,0.933333,0.466667,0.8,0.0666667,0.4,0.0666667,0.4
L, 0.133333,0.466667,0.2,0.333333,0.133333,0.333333,0.333333,0.2,0.533333,0.2,0.133333,0.466667,0,0.4,0.133333,0.4
J, 0.0666667,0.333333,0.2,0.266667,0.0666667,0.6,0.4,0.133333,0.4,0.933333,0.333333,0.666667,0,0.466667,0,0.466667
L, 0.2,0.266667,0.2,0.466667,0.0666667,0,0.0666667,0.333333,0.4,0,0,0.466667,0,0.533333,0,0.533333
L, 0.266667,0.4,0.333333,0.266667,0.2,0.4,0.4,0.466667,0.4,0.4,0.4,0.533333,0.133333,0.533333,0.266667,0.666667
J, 0.0666667,0.133333,0.133333,0.2,0.0666667,0.666667,0.4,0.133333,0.4,0.8,0.266667,0.533333,0.0666667,0.4,0.0666667,0.466667
J, 0.2,0.333333,0.266667,0.466667,0.0666667,0.8,0.133333,0.6,0.266667,0.933333,0.333333,0.866667,0.0666667,0.4,0,0.533333
L, 0.0666667,0.2,0.133333,0.133333,0.0666667,0.466667,0.266667,0.0666667,0.466667,0.533333,0.133333,0.6,0,0.466667,0.133333,0.533333
L, 0.133333,0.4,0.2,0.266667,0.133333,0.266667,0.333333,0.0666667,0.6,0.2,0.133333,0.533333,0,0.466667,0.133333,0.333333
L, 0.133333,0.466667,0.266667,0.333333,0.2,0.6,0.2,0.0666667,0.333333,0.6,0.2,0.6,0.0666667,0.4,0.133333,0.6
L, 0.266667,0.6,0.266667,0.466667,0.0666667,0,0,0.4,0.4,0,0.0666667,0.333333,0,0.533333,0,0.533333
L, 0.4,0.933333,0.4,0.533333,0.266667,0.533333,0.266667,0.2,0.266667,0.8,0.533333,0.733333,0.266667,0.6,0.4,0.666667
L, 0.2,0.466667,0.266667,0.333333,0.2,0.333333,0.266667,0.333333,0.466667,0.133333,0.133333,0.333333,0.0666667,0.4,0.0666667,0.333333
J, 0.2,0.4,0.333333,0.466667,0.266667,0.533333,0.533333,0.266667,0.333333,0.466667,0.466667,0.466667,0.2,0.6,0.6,0.733333
J, 0.2,0.733333,0.266667,0.533333,0.266667,0.666667,0.466667,0,0.466667,0.733333,0.2,0.4,0,0.466667,0.0666667,0.466667
L, 0.2,0.533333,0.266667,0.4,0.2,0.333333,0.333333,0.133333,0.533333,0.4,0.133333,0.666667,0,0.466667,0.2,0.466667
L, 0.2,0.533333,0.333333,0.4,0.2,0.466667,0.266667,0,0.466667,0.533333,0.2,0.666667,0,0.466667,0.133333,0.533333
L, 0.266667,0.533333,0.333333,0.4,0.266667,0.2,0.266667,0.266667,0.466667,0.133333,0,0.533333,0,0.4,0.0666667,0.4
L, 0.133333,0.333333,0.266667,0.266667,0.133333,0.4,0.266667,0.0666667,0.533333,0.533333,0.133333,0.666667,0,0.466667,0.133333,0.533333
L, 0.466667,0.666667,0.6,0.533333,0.466667,0.4,0.466667,0.466667,0.466667,0.4,0.4,0.533333,0.4,0.533333,0.333333,0.666667
J, 0.4,0.666667,0.533333,0.533333,0.266667,0.333333,0.6,0.2,0.4,1,0.466667,0.6,0.133333,0.466667,0.133333,0.466667
J, 0.2,0.4,0.333333,0.266667,0.0666667,0.466667,0.533333,0.133333,0.533333,1,0.4,0.533333,0,0.466667,0,0.466667
J, 0,0,0.0666667,0,0,0.733333,0.266667,0.333333,0.2,0.8,0.266667,0.666667,0,0.466667,0,0.533333
J, 0.266667,0.333333,0.333333,0.4,0.266667,0.6,0.533333,0.333333,0.266667,0.4,0.333333,0.533333,0.2,0.533333,0.6,0.533333
J, 0.4,0.733333,0.333333,0.533333,0.266667,0.6,0.533333,0.133333,0.2,0.8,0.333333,0.4,0.133333,0.6,0.466667,0.6
L, 0.2,0.4,0.266667,0.266667,0.2,0.4,0.466667,0.6,0.333333,0.4,0.4,0.6,0.2,0.533333,0.333333,0.733333
L, 0.2,0.4,0.266667,0.266667,0.133333,0.466667,0.2,0.133333,0.6,0.466667,0.0666667,0.6,0,0.466667,0.133333,0.533333
L, 0.266667,0.533333,0.333333,0.4,0.2,0.2,0.266667,0.133333,0.533333,0.133333,0.0666667,0.533333,0,0.466667,0.0666667,0.4
J, 0.4,0.8,0.333333,0.6,0.266667,0.666667,0.466667,0.133333,0.266667,0.8,0.266667,0.4,0.133333,0.6,0.466667,0.6
J, 0,0,0.0666667,0.0666667,0,0.8,0.266667,0.333333,0.2,0.8,0.266667,0.666667,0,0.466667,0,0.533333
L, 0.133333,0.4,0.2,0.266667,0.133333,0.333333,0.266667,0.2,0.466667,0.4,0.133333,0.533333,0.0666667,0.4,0.133333,0.466667
J, 0.0666667,0.2,0.2,0.133333,0.0666667,0.533333,0.4,0.2,0.333333,0.933333,0.4,0.733333,0.0666667,0.466667,0,0.466667
L, 0.333333,0.666667,0.4,0.533333,0.2,0.266667,0.266667,0.133333,0.733333,0.2,0.0666667,0.533333,0,0.466667,0.133333,0.333333
L, 0.0666667,0,0.0666667,0,0,0.133333,0.0666667,0.333333,0.266667,0.0666667,0.133333,0.333333,0,0.533333,0,0.533333
L, 0.133333,0.266667,0.266667,0.2,0.133333,0.4,0.266667,0.0666667,0.533333,0.533333,0.133333,0.733333,0,0.466667,0.133333,0.533333
J, 0.133333,0.466667,0.266667,0.333333,0.133333,0.466667,0.466667,0.2,0.333333,1,0.4,0.6,0.0666667,0.4,0.0666667,0.466667
J, 0.533333,0.8,0.4,0.6,0.333333,0.466667,0.733333,0.2,0.2,0.866667,0.333333,0.266667,0.2,0.6,0.6,0.6
J, 0.133333,0.466667,0.2,0.333333,0.0666667,0.6,0.4,0.2,0.466667,0.8,0.266667,0.6,0,0.466667,0.133333,0.4
J, 0.266667,0.466667,0.4,0.333333,0.266667,0.533333,0.4,0.333333,0.333333,0.533333,0.466667,0.466667,0.2,0.466667,0.266667,0.4
L, 0.333333,0.733333,0.4,0.533333,0.266667,0.2,0.266667,0.2,0.6,0.133333,0,0.533333,0,0.466667,0.0666667,0.333333
J, 0.2,0.533333,0.266667,0.4,0.133333,0.533333,0.466667,0.0666667,0.466667,0.733333,0.333333,0.466667,0.0666667,0.4,0.133333,0.4
L, 0.266667,0.733333,0.266667,0.533333,0.2,0,0.133333,0.266667,0.4,0.0666667,0,0.466667,0,0.533333,0,0.533333
L, 0.133333,0.133333,0.2,0.266667,0.133333,0.266667,0.266667,0.333333,0.466667,0.133333,0.133333,0.333333,0.0666667,0.4,0.0666667,0.4
L, 0.266667,0.466667,0.333333,0.333333,0.2,0.466667,0.266667,0.0666667,0.533333,0.533333,0.133333,0.666667,0,0.466667,0.133333,0.533333
J, 0.333333,0.4,0.466667,0.466667,0.4,0.466667,0.533333,0.266667,0.333333,0.466667,0.466667,0.533333,0.266667,0.4,0.533333,0.4
J, 0,0,0.0666667,0.0666667,0,0.8,0.266667,0.4,0.2,0.8,0.333333,0.733333,0,0.466667,0,0.533333
J, 0.2,0.533333,0.266667,0.4,0.133333,0.533333,0.333333,0.266667,0.533333,0.866667,0.333333,0.8,0.0666667,0.4,0.0666667,0.466667
J, 0.266667,0.333333,0.4,0.4,0.333333,0.533333,0.6,0.266667,0.333333,0.466667,0.4,0.533333,0.2,0.533333,0.533333,0.466667
J, 0.266667,0.6,0.4,0.466667,0.266667,0.533333,0.333333,0.2,0.333333,0.533333,0.4,0.533333,0.266667,0.4,0.266667,0.4
L, 0.133333,0.4,0.133333,0.266667,0.0666667,0,0.133333,0.333333,0.4,0,0,0.466667,0,0.533333,0,0.533333
L, 0.133333,0.466667,0.2,0.333333,0.0666667,0,0.0666667,0.266667,0.333333,0.0666667,0.0666667,0.466667,0,0.533333,0,0.533333
L, 0.266667,0.6,0.266667,0.266667,0.133333,0.533333,0.333333,0.2,0.333333,0.8,0.466667,0.733333,0.133333,0.533333,0.4,0.533333
L, 0.266667,0.466667,0.333333,0.333333,0.4,0.4,0.466667,0.2,0.4,0.466667,0.466667,0.733333,0.4,0.733333,0.4,0.333333
L, 0.133333,0.333333,0.266667,0.2,0.133333,0.466667,0.266667,0.0666667,0.533333,0.533333,0.133333,0.666667,0,0.466667,0.2,0.533333
L, 0.133333,0.266667,0.266667,0.2,0.133333,0.466667,0.266667,0.0666667,0.533333,0.533333,0.133333,0.666667,0,0.466667,0.133333,0.533333
J, 0.133333,0.4,0.2,0.266667,0.0666667,0.933333,0.0666667,0.4,0.333333,0.933333,0.133333,0.733333,0,0.466667,0,0.533333
J, 0.2,0.666667,0.266667,0.466667,0.2,0.733333,0.333333,0.133333,0.4,0.733333,0.133333,0.466667,0,0.466667,0.0666667,0.466667
J, 0.4,0.666667,0.533333,0.466667,0.266667,0.6,0.466667,0.133333,0.466667,0.933333,0.266667,0.466667,0,0.466667,0,0.533333
L, 0.4,0.8,0.4,0.466667,0.2,0.466667,0.266667,0.2,0.4,0.733333,0.266667,0.866667,0.2,0.4,0.4,0.533333
L, 0.266667,0.666667,0.4,0.466667,0.266667,0.533333,0.266667,0,0.533333,0.666667,0.2,0.666667,0,0.466667,0.2,0.6
J, 0.333333,0.6,0.4,0.466667,0.333333,0.533333,0.466667,0.4,0.333333,0.533333,0.466667,0.466667,0.2,0.4,0.266667,0.4
J, 0,0,0.0666667,0.0666667,0,0.8,0.266667,0.333333,0.2,0.8,0.266667,0.733333,0,0.466667,0,0.533333
L, 0.0666667,0.266667,0.2,0.2,0.0666667,0.4,0.333333,0.0666667,0.4,0.533333,0.2,0.666667,0.0666667,0.466667,0.133333,0.6
J, 0.133333,0.666667,0.2,0.533333,0.133333,0.8,0.2,0.466667,0.2,0.8,0.333333,0.733333,0.0666667,0.4,0,0.533333
L, 0.266667,0.533333,0.4,0.4,0.266667,0.4,0.333333,0.133333,0.533333,0.466667,0.133333,0.533333,0.0666667,0.4,0.2,0.466667
J, 0.266667,0.4,0.2,0.533333,0.133333,0.6,0.466667,0.2,0.266667,0.666667,0.333333,0.333333,0.133333,0.6,0.333333,0.6
J, 0.333333,0.666667,0.466667,0.533333,0.333333,0.6,0.266667,0.333333,0.4,0.533333,0.333333,0.4,0.133333,0.533333,0.266667,0.4
L, 0.0666667,0.2,0.2,0.133333,0.0666667,0.4,0.266667,0.0666667,0.466667,0.466667,0.133333,0.6,0,0.466667,0.133333,0.533333
J, 0.133333,0.266667,0.2,0.2,0.0666667,0.533333,0.4,0.2,0.4,0.933333,0.333333,0.6,0,0.466667,0,0.533333
L, 0.133333,0.466667,0.2,0.333333,0.133333,0.266667,0.266667,0.4,0.466667,0.133333,0.133333,0.333333,0.0666667,0.4,0.0666667,0.4
J, 0.4,0.466667,0.466667,0.533333,0.4,0.6,0.6,0.333333,0.333333,0.4,0.4,0.666667,0.2,0.466667,0.533333,0.333333
L, 0.2,0.4,0.266667,0.4,0.266667,0.533333,0.4,0.333333,0.333333,0.4,0.466667,0.533333,0.2,0.533333,0.533333,0.733333
L, 0.2,0.666667,0.266667,0.466667,0.266667,0.2,0.266667,0.266667,0.466667,0.133333,0,0.533333,0,0.4,0.0666667,0.4
J, 0,0,0.0666667,0,0,0.8,0.266667,0.333333,0.2,0.8,0.333333,0.733333,0,0.466667,0,0.533333
J, 0.0666667,0.466667,0.133333,0.333333,0.133333,0.666667,0.4,0.0666667,0.333333,0.733333,0.266667,0.533333,0,0.4,0.0666667,0.466667
J, 0.266667,0.733333,0.333333,0.6,0.2,0.933333,0.2,0.333333,0.266667,0.866667,0.133333,0.666667,0,0.466667,0,0.533333
J, 0.333333,0.6,0.266667,0.8,0.266667,0.466667,0.533333,0.2,0.2,0.866667,0.333333,0.333333,0.2,0.533333,0.466667,0.666667
L, 0.133333,0.4,0.133333,0.266667,0,0,0.133333,0.333333,0.4,0,0,0.466667,0,0.533333,0,0.533333
L, 0.333333,0.666667,0.466667,0.533333,0.6,0.466667,0.466667,0.2,0.333333,0.466667,0.466667,0.666667,0.4,0.733333,0.4,0.4
L, 0.133333,0.466667,0.133333,0.333333,0.0666667,0,0.0666667,0.333333,0.4,0,0,0.466667,0,0.533333,0,0.533333
L, 0.0666667,0,0.133333,0.0666667,0,0.133333,0.0666667,0.4,0.333333,0,0.133333,0.333333,0,0.533333,0,0.533333
J, 0.0666667,0.2,0.133333,0.333333,0.0666667,0.8,0.2,0.6,0.2,0.866667,0.333333,0.866667,0.0666667,0.4,0,0.533333
L, 0.0666667,0.2,0.2,0.133333,0.0666667,0.466667,0.266667,0.0666667,0.466667,0.533333,0.133333,0.666667,0,0.466667,0.133333,0.533333
L, 0.266667,0.333333,0.333333,0.333333,0.266667,0.533333,0.466667,0.266667,0.333333,0.466667,0.4,0.533333,0.2,0.533333,0.533333,0.733333
L, 0.333333,0.666667,0.4,0.533333,0.333333,0.6,0.2,0.133333,0.4,0.6,0.133333,0.6,0.133333,0.333333,0.2,0.6
L, 0.133333,0,0.133333,0.0666667,0,0.133333,0.0666667,0.4,0.333333,0,0.133333,0.266667,0,0.533333,0,0.533333
L, 0.4,0.666667,0.333333,0.333333,0.2,0.6,0.133333,0.2,0.2,0.733333,0.533333,0.733333,0.2,0.666667,0.266667,0.666667
J, 0.2,0.6,0.266667,0.466667,0.2,0.733333,0.4,0.2,0.4,0.8,0.133333,0.533333,0.0666667,0.4,0.133333,0.4
J, 0.133333,0.466667,0.2,0.333333,0.0666667,0.866667,0.133333,0.533333,0.266667,0.866667,0.266667,0.8,0.0666667,0.4,0,0.533333
L, 0.333333,0.666667,0.466667,0.533333,0.266667,0.466667,0.2,0.133333,0.6,0.466667,0.0666667,0.6,0.0666667,0.4,0.2,0.466667
J, 0.4,0.733333,0.533333,0.533333,0.266667,0.533333,0.4,0.266667,0.4,1,0.4,0.733333,0.0666667,0.4,0.0666667,0.466667
J, 0.333333,0.733333,0.266667,0.533333,0.266667,0.4,0.733333,0.133333,0.2,0.8,0.4,0.333333,0.133333,0.6,0.533333,0.533333
L, 0.333333,0.466667,0.4,0.333333,0.266667,0.4,0.4,0.466667,0.466667,0.333333,0.4,0.666667,0.133333,0.533333,0.266667,0.666667
J, 0.0666667,0.2,0.133333,0.0666667,0,0.6,0.333333,0.2,0.333333,0.933333,0.4,0.733333,0,0.466667,0,0.533333
J, 0.2,0.533333,0.266667,0.4,0.0666667,0.733333,0.2,0.733333,0.2,0.8,0.6,0.933333,0.0666667,0.4,0,0.533333
L, 0.2,0.4,0.333333,0.266667,0.133333,0.333333,0.333333,0.0666667,0.6,0.466667,0.133333,0.733333,0,0.466667,0.2,0.466667
L, 0.266667,0.666667,0.333333,0.533333,0.2,0.333333,0.2,0.4,0.533333,0.0666667,0.133333,0.266667,0.0666667,0.4,0.0666667,0.333333
J, 0.0666667,0.266667,0.133333,0.2,0.0666667,0.666667,0.466667,0.0666667,0.466667,0.733333,0.266667,0.466667,0,0.466667,0.0666667,0.466667
L, 0.2,0.133333,0.266667,0.2,0.133333,0.333333,0.266667,0.333333,0.466667,0.133333,0.133333,0.333333,0.0666667,0.466667,0.0666667,0.4
L, 0.4,1,0.4,0.533333,0.2,0.466667,0.2,0.2,0.333333,0.8,0.266667,0.866667,0.133333,0.466667,0.4,0.533333
L, 0.266667,0.533333,0.333333,0.4,0.2,0.4,0.266667,0.2,0.466667,0.4,0.0666667,0.533333,0.0666667,0.4,0.2,0.466667
J, 0.133333,0.666667,0.2,0.533333,0.0666667,0.866667,0.133333,0.6,0.266667,0.933333,0.266667,0.8,0.0666667,0.4,0,0.533333
L, 0.2,0.4,0.266667,0.266667,0.133333,0.266667,0.266667,0.266667,0.6,0.133333,0.0666667,0.466667,0,0.466667,0.0666667,0.4
J, 0.0666667,0.133333,0.133333,0.2,0.0666667,0.666667,0.4,0.2,0.333333,0.8,0.266667,0.6,0.0666667,0.4,0.0666667,0.466667
J, 0.266667,0.733333,0.333333,0.533333,0.266667,0.533333,0.333333,0.2,0.466667,0.8,0.266667,0.666667,0.0666667,0.4,0.133333,0.4
L, 0.0666667,0.266667,0.133333,0.133333,0.0666667,0.466667,0.266667,0.0666667,0.466667,0.533333,0.133333,0.666667,0,0.466667,0.133333,0.533333
L, 0.133333,0.2,0.133333,0.266667,0.0666667,0,0.133333,0.333333,0.4,0,0,0.466667,0,0.533333,0,0.533333
J, 0.466667,0.666667,0.266667,0.933333,0.266667,0.466667,0.6,0.2,0.266667,0.866667,0.333333,0.333333,0.2,0.533333,0.466667,0.666667
L, 0.133333,0.133333,0.2,0.2,0.0666667,0.266667,0.266667,0.2,0.466667,0.133333,0.0666667,0.466667,0,0.466667,0.0666667,0.4
L, 0.4,1,0.4,0.533333,0.266667,0.466667,0.333333,0.2,0.333333,0.733333,0.466667,0.733333,0.2,0.533333,0.4,0.6
L, 0.0666667,0.2,0.133333,0.0666667,0.0666667,0.4,0.266667,0.0666667,0.466667,0.533333,0.2,0.666667,0,0.466667,0.133333,0.533333
L, 0.266667,0.733333,0.333333,0.533333,0.2,0.6,0.133333,0.133333,0.466667,0.6,0.133333,0.666667,0.0666667,0.333333,0.2,0.6
J, 0.466667,0.733333,0.6,0.533333,0.4,0.6,0.266667,0.333333,0.4,0.533333,0.333333,0.4,0.133333,0.466667,0.333333,0.4
J, 0.0666667,0.2,0.133333,0.133333,0,0.6,0.4,0.2,0.4,0.933333,0.4,0.666667,0,0.466667,0,0.533333
J, 0.133333,0.4,0.266667,0.266667,0.2,0.6,0.4,0.133333,0.266667,0.533333,0.333333,0.4,0.2,0.466667,0.333333,0.4
J, 0,0,0.0666667,0,0,0.8,0.266667,0.4,0.2,0.8,0.333333,0.733333,0,0.466667,0,0.533333
J, 0.266667,0.6,0.4,0.466667,0.4,0.6,0.6,0.266667,0.2,0.533333,0.266667,0.4,0.266667,0.533333,0.333333,0.266667
J, 0.4,0.733333,0.333333,0.533333,0.266667,0.333333,0.866667,0.2,0.2,0.866667,0.4,0.266667,0.133333,0.533333,0.4,0.4
J, 0.2,0.6,0.266667,0.4,0.133333,0.6,0.333333,0.2,0.4,0.933333,0.266667,0.6,0,0.466667,0.0666667,0.466667
J, 0.0666667,0,0.0666667,0,0,0.8,0.266667,0.4,0.2,0.866667,0.333333,0.733333,0,0.466667,0,0.533333
L, 0.2,0.4,0.266667,0.266667,0.133333,0.333333,0.333333,0.0666667,0.6,0.4,0.133333,0.666667,0,0.466667,0.133333,0.466667
L, 0,0,0.0666667,0,0,0.133333,0.133333,0.333333,0.266667,0.0666667,0.133333,0.4,0,0.533333,0,0.533333
J, 0.466667,0.733333,0.4,0.533333,0.266667,0.533333,0.6,0.2,0.2,0.866667,0.266667,0.333333,0.133333,0.6,0.533333,0.6
L, 0.2,0.4,0.266667,0.266667,0.133333,0.333333,0.2,0.333333,0.533333,0.133333,0.133333,0.266667,0.0666667,0.4,0.0666667,0.333333
J, 0.333333,0.533333,0.4,0.4,0.2,0.4,0.4,0.266667,0.333333,0.933333,0.533333,0.8,0.0666667,0.4,0.0666667,0.466667
L, 0.533333,0.866667,0.466667,0.466667,0.2,0.4,0.266667,0.2,0.466667,0.666667,0.266667,0.866667,0.2,0.333333,0.4,0.533333
J, 0.133333,0.266667,0.266667,0.2,0.0666667,0.533333,0.533333,0.133333,0.466667,1,0.333333,0.533333,0,0.466667,0.0666667,0.533333
J, 0.0666667,0.133333,0.133333,0.2,0.0666667,0.666667,0.4,0.0666667,0.466667,0.8,0.2,0.533333,0,0.466667,0.0666667,0.533333
J, 0.333333,0.466667,0.466667,0.533333,0.4,0.533333,0.6,0.266667,0.333333,0.466667,0.4,0.466667,0.2,0.533333,0.6,0.533333
J, 0.266667,0.733333,0.4,0.6,0.333333,0.466667,0.466667,0.0666667,0.4,0.733333,0.333333,0.6,0.0666667,0.4,0.133333,0.333333
L, 0.266667,0.2,0.266667,0.333333,0.0666667,0.0666667,0,0.4,0.4,0,0.0666667,0.266667,0,0.533333,0,0.533333
J, 0.2,0.4,0.266667,0.266667,0.133333,0.4,0.533333,0.133333,0.333333,0.933333,0.466667,0.6,0.0666667,0.4,0,0.466667
L, 0.2,0.4,0.2,0.266667,0.0666667,0.0666667,0,0.4,0.4,0,0.0666667,0.333333,0,0.533333,0,0.533333
J, 0.466667,0.6,0.333333,0.866667,0.266667,0.4,0.6,0.2,0.2,0.8,0.4,0.333333,0.2,0.533333,0.533333,0.533333
J, 0.4,0.466667,0.266667,0.733333,0.2,0.4,0.6,0.2,0.266667,0.866667,0.333333,0.333333,0.2,0.533333,0.4,0.6
J, 0.133333,0.4,0.2,0.266667,0.2,0.6,0.4,0.133333,0.333333,0.733333,0.266667,0.6,0.0666667,0.4,0.0666667,0.4
J, 0.2,0.666667,0.266667,0.533333,0.133333,0.933333,0.2,0.333333,0.266667,0.866667,0.133333,0.666667,0,0.466667,0,0.533333
J, 0.2,0.466667,0.266667,0.333333,0.133333,0.6,0.266667,0.333333,0.266667,0.933333,0.4,0.8,0,0.4,0.0666667,0.466667
J, 0.266667,0.6,0.4,0.466667,0.2,0.466667,0.466667,0.2,0.4,1,0.4,0.733333,0.0666667,0.4,0.0666667,0.466667
L, 0.266667,0.6,0.4,0.4,0.2,0.333333,0.266667,0.2,0.6,0.4,0.0666667,0.466667,0.0666667,0.4,0.2,0.4
L, 0.333333,0.666667,0.4,0.533333,0.2,0.133333,0.133333,0.333333,0.533333,0.0666667,0,0.4,0,0.466667,0.0666667,0.4
L, 0.266667,0.666667,0.4,0.533333,0.2,0.2,0.266667,0.2,0.666667,0.133333,0,0.466667,0,0.466667,0.0666667,0.333333
L, 0.266667,0.466667,0.333333,0.333333,0.2,0.4,0.266667,0.333333,0.6,0.133333,0.133333,0.266667,0.0666667,0.4,0.133333,0.333333
L, 0.133333,0.266667,0.2,0.2,0.0666667,0.466667,0.266667,0.0666667,0.533333,0.533333,0.133333,0.666667,0,0.466667,0.133333,0.533333
L, 0.6,1,0.533333,0.533333,0.266667,0.6,0.133333,0.266667,0.333333,0.8,0.266667,0.866667,0.133333,0.466667,0.4,0.533333
J, 0.4,0.466667,0.533333,0.6,0.466667,0.533333,0.666667,0.266667,0.333333,0.466667,0.466667,0.533333,0.333333,0.4,0.6,0.466667
L, 0.266667,0.666667,0.266667,0.533333,0.0666667,0,0.0666667,0.333333,0.4,0,0,0.4,0,0.533333,0,0.533333
J, 0.266667,0.266667,0.4,0.333333,0.266667,0.533333,0.6,0.266667,0.333333,0.466667,0.4,0.6,0.2,0.466667,0.533333,0.533333
J, 0.266667,0.533333,0.333333,0.4,0.133333,0.533333,0.333333,0.266667,0.4,1,0.4,0.733333,0.0666667,0.4,0,0.466667
L, 0.266667,0.666667,0.4,0.466667,0.533333,0.466667,0.466667,0.2,0.333333,0.4,0.466667,0.666667,0.4,0.666667,0.466667,0.266667
L, 0.2,0.533333,0.266667,0.4,0.133333,0,0.133333,0.266667,0.4,0.0666667,0,0.466667,0,0.533333,0,0.533333
J, 0.133333,0.6,0.2,0.4,0.2,0.733333,0.333333,0.133333,0.4,0.733333,0.133333,0.466667,0,0.466667,0.0666667,0.466667
L, 0.2,0.4,0.266667,0.266667,0.133333,0.333333,0.333333,0.0666667,0.6,0.4,0.133333,0.733333,0,0.533333,0.2,0.466667
L, 0.266667,0.4,0.333333,0.4,0.266667,0.466667,0.466667,0.266667,0.333333,0.466667,0.4,0.533333,0.133333,0.6,0.466667,0.666667
J, 0.333333,0.6,0.4,0.466667,0.2,0.6,0.333333,0.266667,0.4,1,0.333333,0.733333,0.0666667,0.4,0,0.466667
L, 0.133333,0.466667,0.133333,0.333333,0.0666667,0,0.0666667,0.333333,0.4,0,0,0.466667,0,0.533333,0,0.533333
J, 0,0,0.0666667,0,0,0.8,0.266667,0.4,0.2,0.8,0.333333,0.733333,0,0.466667,0,0.533333
J, 0.266667,0.6,0.333333,0.466667,0.2,0.6,0.4,0.133333,0.4,0.933333,0.266667,0.533333,0,0.466667,0,0.533333
J, 0.2,0.466667,0.333333,0.333333,0.266667,0.533333,0.6,0.266667,0.2,0.533333,0.333333,0.4,0.4,0.6,0.4,0.266667
L, 0.4,0.8,0.4,0.4,0.266667,0.6,0.266667,0.2,0.266667,0.8,0.466667,0.733333,0.2,0.666667,0.333333,0.733333
L, 0.266667,0.6,0.4,0.466667,0.266667,0.6,0.266667,0.0666667,0.466667,0.6,0.133333,0.666667,0.2,0.4,0.266667,0.6
J, 0.266667,0.4,0.333333,0.266667,0.133333,0.533333,0.4,0.266667,0.466667,1,0.4,0.666667,0.0666667,0.4,0.0666667,0.466667
L, 0.466667,0.866667,0.4,0.466667,0.2,0.333333,0.333333,0.2,0.533333,0.666667,0.266667,0.866667,0.133333,0.333333,0.4,0.466667
L, 0.266667,0.533333,0.4,0.466667,0.333333,0.466667,0.466667,0.266667,0.333333,0.4,0.466667,0.6,0.266667,0.533333,0.533333,0.533333
L, 0.133333,0.2,0.2,0.333333,0.0666667,0,0.0666667,0.333333,0.4,0,0,0.466667,0,0.533333,0,0.533333
J, 0.133333,0.466667,0.266667,0.333333,0.133333,0.466667,0.533333,0.133333,0.333333,0.933333,0.333333,0.466667,0,0.4,0.0666667,0.466667
L, 0.4,0.666667,0.333333,0.333333,0.133333,0.4,0.333333,0.2,0.466667,0.666667,0.266667,0.866667,0.133333,0.4,0.4,0.533333
L, 0.2,0.2,0.2,0.266667,0.0666667,0.0666667,0,0.4,0.4,0,0.0666667,0.333333,0,0.533333,0,0.533333
L, 0.266667,0.6,0.333333,0.466667,0.0666667,0,0,0.4,0.4,0,0.0666667,0.333333,0,0.533333,0,0.533333
J, 0.133333,0.333333,0.2,0.266667,0.133333,0.666667,0.466667,0.133333,0.4,0.733333,0.2,0.466667,0.0666667,0.4,0.133333,0.466667
L, 0.266667,0.733333,0.4,0.533333,0.266667,0.466667,0.266667,0.133333,0.466667,0.533333,0.133333,0.6,0.133333,0.333333,0.2,0.466667
J, 0.2,0.6,0.333333,0.4,0.2,0.466667,0.466667,0.2,0.4,1,0.333333,0.6,0.0666667,0.466667,0.0666667,0.466667
L, 0.333333,0.666667,0.466667,0.533333,0.333333,0.333333,0.333333,0.0666667,0.6,0.4,0.133333,0.666667,0.2,0.466667,0.266667,0.333333
J, 0,0,0.0666667,0.0666667,0,0.8,0.266667,0.333333,0.2,0.8,0.266667,0.733333,0,0.466667,0,0.533333
J, 0.333333,0.733333,0.466667,0.533333,0.533333,0.666667,0.466667,0.266667,0.266667,0.533333,0.266667,0.333333,0.266667,0.466667,0.4,0.333333
J, 0.2,0.466667,0.266667,0.333333,0.0666667,0.533333,0.4,0.2,0.466667,1,0.333333,0.666667,0,0.466667,0.0666667,0.466667
J, 0.4,0.733333,0.466667,0.533333,0.2,0.6,0.333333,0.2,0.466667,1,0.266667,0.666667,0,0.4,0.0666667,0.466667
L, 0.133333,0.333333,0.133333,0.2,0.0666667,0.266667,0.2,0.2,0.466667,0.133333,0.133333,0.4,0,0.466667,0,0.4
J, 0.266667,0.533333,0.4,0.4,0.133333,0.4,0.533333,0.2,0.466667,1,0.4,0.6,0.0666667,0.4,0.0666667,0.466667
L, 0.266667,0.666667,0.4,0.466667,0.466667,0.4,0.466667,0.2,0.4,0.466667,0.466667,0.733333,0.333333,0.733333,0.4,0.333333
J, 0.133333,0.4,0.133333,0.266667,0.0666667,0.866667,0.133333,0.533333,0.266667,0.866667,0.266667,0.8,0,0.466667,0,0.533333
J, 0.0666667,0.0666667,0.0666667,0.0666667,0,0.866667,0.2,0.4,0.266667,0.8,0.266667,0.733333,0,0.466667,0,0.533333
L, 0.2,0.266667,0.2,0.4,0.0666667,0,0.0666667,0.333333,0.4,0,0,0.466667,0,0.533333,0,0.533333
L, 0.133333,0.333333,0.266667,0.266667,0.133333,0.4,0.266667,0.0666667,0.533333,0.533333,0.133333,0.666667,0,0.466667,0.133333,0.533333
J, 0.133333,0.4,0.133333,0.266667,0.0666667,0.866667,0.133333,0.466667,0.266667,0.866667,0.266667,0.8,0,0.466667,0,0.533333
J, 0.0666667,0.133333,0.133333,0.266667,0.0666667,0.733333,0.4,0.0666667,0.4,0.733333,0.2,0.466667,0,0.466667,0.0666667,0.466667
L, 0.2,0.533333,0.266667,0.4,0.133333,0.266667,0.2,0.4,0.466667,0.0666667,0.0666667,0.333333,0.0666667,0.4,0.0666667,0.4
L, 0.4,0.733333,0.6,0.533333,0.733333,0.466667,0.466667,0.2,0.4,0.4,0.466667,0.733333,0.4,0.733333,0.6,0.466667
J, 0.0666667,0.4,0.133333,0.266667,0.0666667,0.733333,0.2,0.6,0.2,0.866667,0.466667,0.866667,0.0666667,0.4,0,0.533333
J, 0.333333,0.533333,0.266667,0.4,0.2,0.533333,0.466667,0.133333,0.266667,0.733333,0.4,0.533333,0.133333,0.666667,0.4,0.733333
J, 0.133333,0.466667,0.133333,0.333333,0.0666667,0.866667,0.266667,0.333333,0.266667,0.866667,0.133333,0.6,0,0.466667,0,0.533333
J, 0.2,0.533333,0.333333,0.4,0.333333,0.6,0.466667,0.2,0.2,0.533333,0.266667,0.4,0.266667,0.533333,0.4,0.266667
L, 0.2,0.666667,0.2,0.533333,0.0666667,0,0.0666667,0.333333,0.4,0,0,0.466667,0,0.533333,0,0.533333
L, 0.266667,0.733333,0.4,0.533333,0.266667,0.4,0.333333,0.0666667,0.6,0.466667,0.133333,0.666667,0,0.466667,0.2,0.533333
J, 0.0666667,0.333333,0.2,0.266667,0.0666667,0.6,0.4,0.2,0.4,0.933333,0.333333,0.666667,0,0.466667,0,0.466667
J, 0.0666667,0.0666667,0.133333,0.133333,0.0666667,0.666667,0.4,0.2,0.333333,0.8,0.333333,0.6,0.0666667,0.466667,0.0666667,0.466667
J, 0.0666667,0.2,0.2,0.133333,0.0666667,0.6,0.266667,0.266667,0.266667,0.866667,0.466667,0.8,0.0666667,0.466667,0,0.466667
L, 0.133333,0.466667,0.2,0.333333,0.0666667,0,0.133333,0.2,0.333333,0.0666667,0,0.533333,0,0.533333,0,0.533333
L, 0.266667,0.4,0.4,0.266667,0.266667,0.4,0.4,0.466667,0.4,0.4,0.4,0.6,0.133333,0.533333,0.333333,0.666667
L, 0.2,0.466667,0.333333,0.333333,0.2,0.466667,0.2,0.133333,0.466667,0.533333,0.133333,0.6,0.133333,0.333333,0.2,0.533333
L, 0.266667,0.266667,0.266667,0.4,0.0666667,0,0,0.4,0.4,0,0.0666667,0.333333,0,0.533333,0,0.533333
J, 0.266667,0.666667,0.333333,0.466667,0.2,0.533333,0.4,0.2,0.4,0.933333,0.266667,0.6,0,0.4,0.0666667,0.466667
J, 0.266667,0.533333,0.333333,0.4,0.133333,0.466667,0.4,0.266667,0.4,1,0.4,0.733333,0.0666667,0.4,0.0666667,0.466667
J, 0.333333,0.6,0.4,0.466667,0.2,0.6,0.466667,0.133333,0.4,1,0.266667,0.533333,0,0.466667,0.0666667,0.466667
J, 0.0666667,0.0666667,0.133333,0.2,0.0666667,0.733333,0.4,0.133333,0.4,0.8,0.2,0.466667,0,0.466667,0.0666667,0.533333
L, 0.133333,0.4,0.2,0.266667,0.0666667,0,0.0666667,0.333333,0.4,0,0,0.4,0,0.533333,0,0.533333
L, 0.0666667,0,0.0666667,0.0666667,0,0.133333,0.0666667,0.333333,0.333333,0,0.133333,0.333333,0,0.533333,0,0.533333
L, 0.2,0.6,0.266667,0.4,0.2,0.2,0.333333,0.0666667,0.533333,0.2,0.0666667,0.6,0,0.466667,0.0666667,0.4
L, 0.0666667,0.2,0.133333,0.0666667,0.0666667,0.4,0.333333,0.0666667,0.466667,0.533333,0.2,0.666667,0,0.466667,0.133333,0.533333
J, 0.2,0.4,0.266667,0.266667,0.133333,0.533333,0.466667,0.2,0.333333,0.933333,0.4,0.666667,0.0666667,0.4,0.0666667,0.466667
L, 0.333333,0.666667,0.333333,0.333333,0.2,0.533333,0.333333,0.2,0.333333,0.8,0.466667,0.733333,0.133333,0.6,0.4,0.6
L, 0.0666667,0.266667,0.133333,0.2,0.0666667,0.466667,0.266667,0.0666667,0.466667,0.466667,0.133333,0.666667,0,0.466667,0.133333,0.533333
J, 0.133333,0.4,0.2,0.266667,0.2,0.6,0.6,0.266667,0.2,0.533333,0.266667,0.4,0.266667,0.533333,0.333333,0.266667
L, 0.266667,0.666667,0.333333,0.466667,0.266667,0.266667,0.266667,0.2,0.533333,0.133333,0.0666667,0.466667,0,0.4,0.0666667,0.4
J, 0.333333,0.733333,0.266667,0.533333,0.2,0.6,0.466667,0.133333,0.266667,0.8,0.333333,0.466667,0.133333,0.6,0.466667,0.6
L, 0.2,0.466667,0.266667,0.333333,0.2,0.4,0.333333,0.466667,0.4,0.4,0.4,0.6,0.133333,0.533333,0.266667,0.666667
L, 0.133333,0.333333,0.266667,0.266667,0.133333,0.466667,0.266667,0.0666667,0.533333,0.533333,0.133333,0.666667,0,0.466667,0.133333,0.533333
L, 0.466667,1,0.4,0.533333,0.2,0.533333,0.266667,0.2,0.4,0.733333,0.266667,0.8,0.133333,0.466667,0.4,0.6
J, 0.0666667,0.2,0.133333,0.133333,0.0666667,0.666667,0.4,0.133333,0.333333,0.8,0.266667,0.6,0,0.466667,0,0.466667
L, 0.266667,0.666667,0.333333,0.533333,0.2,0.2,0.333333,0.0666667,0.6,0.4,0.0666667,0.733333,0,0.466667,0.2,0.4
L, 0.266667,0.733333,0.4,0.533333,0.2,0.266667,0.266667,0.0666667,0.666667,0.4,0.0666667,0.733333,0,0.466667,0.2,0.4
L, 0.0666667,0.2,0.133333,0.0666667,0.0666667,0.4,0.266667,0,0.4,0.533333,0.2,0.666667,0,0.466667,0.0666667,0.533333
J, 0.133333,0.333333,0.2,0.266667,0.0666667,0.733333,0.4,0.133333,0.4,0.733333,0.2,0.533333,0.0666667,0.4,0.0666667,0.466667
L, 0.333333,0.333333,0.333333,0.466667,0.0666667,0,0,0.466667,0.4,0,0.0666667,0.266667,0,0.533333,0,0.533333
J, 0.4,0.533333,0.266667,0.733333,0.2,0.6,0.466667,0.2,0.2,0.8,0.2,0.333333,0.2,0.533333,0.4,0.666667
L, 0.266667,0.6,0.266667,0.466667,0.133333,0,0.133333,0.266667,0.4,0.0666667,0,0.533333,0,0.533333,0,0.533333
L, 0.133333,0.133333,0.2,0.266667,0.133333,0.266667,0.266667,0.266667,0.466667,0.133333,0.0666667,0.4,0,0.466667,0.0666667,0.4
J, 0.266667,0.4,0.133333,0.6,0.133333,0.8,0.333333,0.133333,0.266667,0.6,0.333333,0.466667,0.133333,0.6,0.266667,0.733333
L, 0.333333,0.733333,0.466667,0.533333,0.333333,0.4,0.333333,0,0.6,0.6,0.2,0.733333,0,0.466667,0.2,0.533333
L, 0.333333,0.666667,0.466667,0.466667,0.2,0.4,0.266667,0.0666667,0.666667,0.533333,0.133333,0.733333,0,0.466667,0.2,0.466667
J, 0.266667,0.466667,0.333333,0.333333,0.133333,0.533333,0.4,0.2,0.466667,1,0.333333,0.666667,0,0.466667,0.0666667,0.466667
J, 0.133333,0.266667,0.266667,0.2,0.0666667,0.533333,0.4,0.2,0.4,0.933333,0.466667,0.733333,0.0666667,0.4,0.0666667,0.466667
J, 0.133333,0.333333,0.266667,0.266667,0.0666667,0.6,0.4,0.133333,0.466667,0.933333,0.333333,0.666667,0.0666667,0.4,0.0666667,0.466667
J, 0.0666667,0.4,0.133333,0.266667,0.0666667,0.933333,0.133333,0.4,0.333333,0.866667,0.0666667,0.6,0,0.466667,0,0.533333
J, 0.466667,0.666667,0.333333,0.533333,0.266667,0.533333,0.666667,0.2,0.2,0.866667,0.266667,0.333333,0.133333,0.6,0.466667,0.6
J, 0.2,0.4,0.333333,0.266667,0.266667,0.533333,0.533333,0.266667,0.2,0.533333,0.266667,0.466667,0.266667,0.6,0.333333,0.266667
L, 0.2,0.266667,0.266667,0.4,0.0666667,0,0,0.4,0.4,0,0.0666667,0.333333,0,0.533333,0,0.533333
L, 0.333333,0.6,0.466667,0.466667,0.266667,0.333333,0.266667,0.133333,0.6,0.4,0.133333,0.533333,0.0666667,0.4,0.2,0.4
L, 0.333333,0.733333,0.333333,0.533333,0.133333,0,0,0.4,0.4,0,0.0666667,0.333333,0,0.533333,0,0.533333
L, 0.133333,0.333333,0.266667,0.266667,0.133333,0.466667,0.266667,0.0666667,0.533333,0.533333,0.133333,0.666667,0,0.466667,0.133333,0.533333
L, 0.133333,0.4,0.133333,0.266667,0.0666667,0,0.0666667,0.333333,0.4,0,0,0.466667,0,0.533333,0,0.533333
J, 0.0666667,0.133333,0.133333,0.2,0.0666667,0.666667,0.4,0.133333,0.4,0.8,0.266667,0.6,0,0.466667,0.0666667,0.466667
J, 0.266667,0.333333,0.4,0.4,0.333333,0.533333,0.666667,0.266667,0.266667,0.466667,0.466667,0.6,0.2,0.466667,0.466667,0.333333
J, 0.0666667,0.2,0.133333,0.133333,0.0666667,0.733333,0.4,0.0666667,0.4,0.733333,0.2,0.466667,0,0.466667,0,0.533333
J, 0.133333,0.533333,0.2,0.4,0.0666667,0.866667,0.133333,0.533333,0.266667,0.933333,0.266667,0.8,0.0666667,0.4,0,0.533333
J, 0.133333,0.533333,0.2,0.4,0.0666667,0.733333,0.333333,0.133333,0.6,0.8,0.133333,0.533333,0,0.466667,0.0666667,0.533333
J, 0.2,0.4,0.333333,0.266667,0.133333,0.466667,0.466667,0.2,0.333333,1,0.4,0.6,0.0666667,0.4,0.0666667,0.466667
J, 0.133333,0.333333,0.2,0.266667,0.133333,0.666667,0.4,0.133333,0.333333,0.8,0.266667,0.533333,0.0666667,0.4,0.0666667,0.4
J, 0.2,0.6,0.266667,0.466667,0.0666667,0.866667,0.133333,0.6,0.266667,0.933333,0.333333,0.866667,0.0666667,0.4,0,0.533333
L, 0.2,0.133333,0.2,0.2,0.133333,0.266667,0.266667,0.333333,0.466667,0.133333,0.0666667,0.4,0.0666667,0.466667,0.0666667,0.4
L, 0.2,0.2,0.2,0.333333,0.0666667,0,0.0666667,0.4,0.4,0,0.0666667,0.333333,0,0.533333,0,0.533333
J, 0.2,0.533333,0.333333,0.4,0.333333,0.6,0.466667,0.2,0.2,0.533333,0.266667,0.333333,0.266667,0.533333,0.4,0.333333
L, 0.133333,0.0666667,0.2,0.133333,0.0666667,0.266667,0.266667,0.266667,0.533333,0.133333,0.0666667,0.4,0,0.466667,0.0666667,0.4
J, 0.0666667,0.466667,0.133333,0.333333,0.0666667,0.866667,0.2,0.533333,0.266667,0.866667,0.266667,0.8,0.0666667,0.4,0,0.533333
J, 0.266667,0.4,0.333333,0.266667,0.133333,0.6,0.466667,0,0.466667,0.866667,0.333333,0.466667,0,0.533333,0,0.533333
L, 0.133333,0.4,0.266667,0.266667,0.0666667,0.333333,0.266667,0.0666667,0.6,0.466667,0.0666667,0.6,0,0.466667,0.133333,0.466667
L, 0.466667,0.866667,0.4,0.466667,0.2,0.466667,0.266667,0.2,0.4,0.733333,0.266667,0.866667,0.133333,0.466667,0.4,0.533333
L, 0.266667,0.6,0.4,0.466667,0.466667,0.466667,0.466667,0.2,0.4,0.533333,0.466667,0.666667,0.466667,0.666667,0.466667,0.333333
J, 0.133333,0.0666667,0.2,0.2,0.0666667,0.666667,0.4,0.133333,0.4,0.8,0.266667,0.533333,0,0.466667,0,0.466667
J, 0.2,0.666667,0.266667,0.466667,0.0666667,0.866667,0.133333,0.6,0.266667,0.933333,0.266667,0.8,0.0666667,0.4,0,0.533333
L, 0.333333,0.6,0.466667,0.466667,0.2,0.4,0.266667,0.0666667,0.6,0.533333,0.133333,0.666667,0,0.466667,0.133333,0.533333
L, 0.333333,0.8,0.333333,0.466667,0.2,0.666667,0.133333,0.2,0.266667,0.8,0.266667,0.733333,0.133333,0.533333,0.266667,0.666667
J, 0.333333,0.733333,0.266667,0.533333,0.2,0.466667,0.733333,0.2,0.266667,0.866667,0.266667,0.266667,0.0666667,0.466667,0.333333,0.4
L, 0.266667,0.6,0.4,0.466667,0.2,0.266667,0.133333,0.533333,0.466667,0.0666667,0.133333,0.2,0.0666667,0.4,0.0666667,0.4
L, 0.333333,0.733333,0.4,0.533333,0.133333,0,0,0.466667,0.4,0,0.0666667,0.266667,0,0.533333,0,0.533333
L, 0.266667,0.6,0.4,0.466667,0.2,0.4,0.2,0.133333,0.6,0.466667,0.0666667,0.6,0,0.4,0.133333,0.466667
J, 0.4,0.666667,0.6,0.533333,0.4,0.6,0.333333,0.4,0.333333,0.533333,0.4,0.466667,0.2,0.466667,0.266667,0.4
L, 0.133333,0.0666667,0.133333,0.133333,0.0666667,0.333333,0.2,0.333333,0.466667,0.133333,0.133333,0.266667,0.0666667,0.466667,0.0666667,0.4
L, 0.133333,0.266667,0.2,0.133333,0.0666667,0.4,0.266667,0.0666667,0.533333,0.466667,0.133333,0.666667,0,0.466667,0.133333,0.533333
L, 0.0666667,0.2,0.2,0.133333,0.0666667,0.4,0.333333,0.133333,0.6,0.466667,0.133333,0.666667,0,0.466667,0.133333,0.533333
J, 0,0,0.0666667,0,0,0.8,0.266667,0.333333,0.2,0.8,0.333333,0.733333,0,0.466667,0,0.533333
J, 0.2,0.466667,0.333333,0.333333,0.133333,0.533333,0.333333,0.333333,0.333333,1,0.466667,0.8,0.0666667,0.4,0.0666667,0.4
J, 0.133333,0.466667,0.133333,0.333333,0.0666667,1,0.2,0.2,0.333333,0.8,0.0666667,0.533333,0,0.533333,0,0.533333
L, 0.466667,0.733333,0.6,0.6,0.466667,0.6,0.466667,0.533333,0.4,0.4,0.4,0.466667,0.4,0.466667,0.6,1
L, 0.266667,0.666667,0.333333,0.533333,0.266667,0.4,0.266667,0.266667,0.6,0.133333,0.133333,0.333333,0.0666667,0.4,0.133333,0.333333
L, 0.133333,0.2,0.133333,0.133333,0.0666667,0.266667,0.2,0.333333,0.466667,0.133333,0.133333,0.333333,0,0.466667,0.0666667,0.4
L, 0.333333,0.6,0.333333,0.333333,0.2,0.666667,0.266667,0.2,0.2,0.8,0.466667,0.733333,0.2,0.666667,0.266667,0.666667
J, 0.266667,0.733333,0.4,0.533333,0.133333,0.6,0.4,0.133333,0.466667,1,0.266667,0.6,0,0.4,0.0666667,0.466667
J, 0.266667,0.6,0.4,0.466667,0.2,0.333333,0.6,0.133333,0.4,1,0.466667,0.533333,0.0666667,0.466667,0.0666667,0.466667
J, 0.2,0.533333,0.266667,0.4,0.2,0.533333,0.466667,0.0666667,0.466667,0.733333,0.333333,0.533333,0,0.4,0.0666667,0.4
J, 0.0666667,0,0.0666667,0.0666667,0,0.8,0.2,0.4,0.2,0.866667,0.333333,0.733333,0,0.466667,0,0.533333
L, 0.533333,0.866667,0.533333,0.466667,0.333333,0.533333,0.266667,0.2,0.333333,0.733333,0.4,0.733333,0.2,0.466667,0.466667,0.533333
L, 0.266667,0.733333,0.333333,0.533333,0.266667,0.466667,0.266667,0,0.466667,0.6,0.2,0.666667,0.0666667,0.4,0.2,0.533333
L, 0.2,0.466667,0.333333,0.333333,0.133333,0.4,0.2,0.133333,0.533333,0.466667,0.133333,0.666667,0,0.466667,0.133333,0.533333
L, 0.133333,0.466667,0.2,0.333333,0.0666667,0,0.0666667,0.333333,0.4,0,0,0.466667,0,0.533333,0,0.533333
J, 0.333333,0.533333,0.466667,0.4,0.333333,0.533333,0.4,0.6,0.4,0.466667,0.466667,0.533333,0.266667,0.333333,0.4,0.2
J, 0.133333,0.666667,0.2,0.466667,0.0666667,1,0.133333,0.4,0.4,0.933333,0,0.6,0,0.466667,0,0.533333
L, 0.266667,0.666667,0.266667,0.466667,0.0666667,0,0.0666667,0.333333,0.4,0,0,0.4,0,0.533333,0,0.533333
J, 0.4,0.533333,0.466667,0.6,0.466667,0.533333,0.466667,0.266667,0.4,0.4,0.4,0.466667,0.266667,0.6,0.666667,0.6
J, 0.2,0.533333,0.266667,0.4,0.133333,0.666667,0.4,0.133333,0.533333,0.8,0.2,0.466667,0,0.4,0.133333,0.4
J, 0.2,0.666667,0.266667,0.466667,0.0666667,0.933333,0.0666667,0.466667,0.333333,0.933333,0.0666667,0.666667,0,0.466667,0,0.533333
J, 0.2,0.533333,0.333333,0.4,0.266667,0.6,0.533333,0.2,0.2,0.533333,0.266667,0.4,0.266667,0.6,0.4,0.266667
L, 0.266667,0.6,0.266667,0.333333,0.133333,0.6,0.2,0.266667,0.333333,0.8,0.266667,0.866667,0.133333,0.4,0.333333,0.6
J, 0.133333,0.266667,0.2,0.2,0.0666667,0.733333,0.4,0.0666667,0.4,0.733333,0.2,0.466667,0,0.466667,0,0.466667
J, 0.466667,0.866667,0.4,0.666667,0.266667,0.466667,0.666667,0.133333,0.2,0.866667,0.4,0.333333,0.133333,0.6,0.533333,0.533333
L, 0.333333,0.733333,0.4,0.533333,0.333333,0.333333,0.4,0,0.6,0.266667,0.2,0.533333,0.2,0.466667,0.133333,0.333333
L, 0.466667,0.733333,0.4,0.4,0.2,0.666667,0.133333,0.266667,0.266667,0.8,0.333333,0.866667,0.133333,0.466667,0.333333,0.6
J, 0.266667,0.6,0.4,0.4,0.333333,0.6,0.533333,0.2,0.266667,0.533333,0.266667,0.4,0.266667,0.533333,0.333333,0.266667
J, 0.0666667,0.2,0.133333,0.133333,0.0666667,0.666667,0.4,0.133333,0.4,0.8,0.266667,0.6,0,0.466667,0.0666667,0.466667
L, 0.2,0.4,0.2,0.266667,0.0666667,0,0.0666667,0.4,0.4,0,0.0666667,0.333333,0,0.533333,0,0.533333
L, 0.2,0.466667,0.2,0.333333,0.0666667,0,0.0666667,0.333333,0.4,0,0,0.4,0,0.533333,0,0.533333
J, 0.2,0.666667,0.333333,0.466667,0.333333,0.6,0.533333,0.2,0.2,0.533333,0.266667,0.4,0.266667,0.533333,0.4,0.333333
J, 0.0666667,0.2,0.0666667,0.133333,0,0.666667,0.4,0.133333,0.333333,0.733333,0.266667,0.6,0,0.466667,0.0666667,0.466667
J, 0.133333,0.0666667,0.2,0.2,0.0666667,0.6,0.4,0.133333,0.4,0.8,0.266667,0.6,0.0666667,0.466667,0.0666667,0.466667
J, 0.266667,0.533333,0.4,0.4,0.133333,0.466667,0.4,0.266667,0.4,1,0.466667,0.733333,0.0666667,0.4,0.0666667,0.466667
J, 0.533333,0.666667,0.333333,0.933333,0.266667,0.466667,0.533333,0.2,0.266667,0.733333,0.4,0.333333,0.2,0.533333,0.533333,0.6
L, 0.2,0.666667,0.266667,0.466667,0.0666667,0,0.0666667,0.333333,0.4,0,0,0.466667,0,0.533333,0,0.533333
J, 0.266667,0.6,0.4,0.4,0.266667,0.466667,0.4,0.266667,0.333333,0.533333,0.4,0.466667,0.333333,0.4,0.266667,0.4
L, 0.133333,0.2,0.133333,0.333333,0.0666667,0,0.0666667,0.333333,0.4,0,0,0.466667,0,0.533333,0,0.533333
L, 0.133333,0.4,0.2,0.266667,0.0666667,0,0.0666667,0.333333,0.4,0,0,0.4,0,0.533333,0,0.533333
J, 0.133333,0.466667,0.2,0.333333,0.133333,0.6,0.4,0.133333,0.4,0.733333,0.266667,0.533333,0.0666667,0.4,0.0666667,0.4
J, 0.133333,0.4,0.266667,0.266667,0.2,0.6,0.466667,0.133333,0.2,0.533333,0.266667,0.4,0.266667,0.533333,0.4,0.333333
J, 0.4,0.733333,0.533333,0.533333,0.266667,0.533333,0.6,0.0666667,0.466667,0.933333,0.266667,0.4,0.133333,0.533333,0.133333,0.466667
L, 0.2,0.466667,0.266667,0.333333,0.2,0.333333,0.333333,0.133333,0.533333,0.466667,0.133333,0.6,0.0666667,0.466667,0.2,0.466667
L, 0.266667,0.533333,0.333333,0.466667,0.333333,0.533333,0.333333,0.266667,0.266667,0.4,0.466667,0.466667,0.2,0.533333,0.533333,0.733333
L, 0.266667,0.533333,0.333333,0.4,0.4,0.533333,0.533333,0.2,0.333333,0.4,0.466667,0.6,0.4,0.733333,0.4,0.4
L, 0.2,0.466667,0.2,0.333333,0.0666667,0,0,0.4,0.4,0,0.0666667,0.333333,0,0.533333,0,0.533333
J, 0.0666667,0.266667,0.2,0.2,0.0666667,0.6,0.4,0.2,0.4,0.933333,0.333333,0.6,0,0.466667,0,0.533333
L, 0.266667,0.666667,0.4,0.533333,0.2,0.466667,0.266667,0,0.6,0.6,0.133333,0.666667,0,0.466667,0.2,0.533333
L, 0.266667,0.666667,0.266667,0.533333,0.0666667,0,0.0666667,0.4,0.4,0,0,0.4,0,0.533333,0,0.533333
J, 0.2,0.466667,0.266667,0.333333,0.133333,0.666667,0.466667,0.0666667,0.4,0.866667,0.2,0.466667,0,0.533333,0,0.533333
J, 0.133333,0.533333,0.133333,0.4,0.0666667,1,0.2,0.266667,0.333333,0.8,0.0666667,0.533333,0,0.466667,0,0.533333
L, 0.266667,0.533333,0.266667,0.4,0.133333,0,0.0666667,0.333333,0.333333,0,0.0666667,0.4,0,0.533333,0,0.533333
L, 0.2,0.466667,0.333333,0.333333,0.133333,0.4,0.2,0.133333,0.533333,0.466667,0.133333,0.466667,0.0666667,0.4,0.133333,0.466667
L, 0.2,0.333333,0.266667,0.2,0.133333,0.266667,0.266667,0.266667,0.533333,0.133333,0.0666667,0.4,0.0666667,0.466667,0.0666667,0.4
L, 0.0666667,0.2,0.133333,0.133333,0.0666667,0.466667,0.266667,0.133333,0.466667,0.466667,0.133333,0.6,0,0.466667,0.133333,0.533333
L, 0.333333,0.733333,0.466667,0.533333,0.266667,0.466667,0.2,0.133333,0.533333,0.466667,0.133333,0.533333,0.0666667,0.4,0.2,0.466667
J, 0.266667,0.733333,0.4,0.533333,0.2,0.533333,0.333333,0.333333,0.4,0.933333,0.466667,0.8,0.0666667,0.4,0.0666667,0.466667
L, 0.333333,0.733333,0.533333,0.6,0.6,0.466667,0.533333,0.2,0.4,0.333333,0.466667,0.733333,0.333333,0.733333,0.6,0.466667
L, 0.4,0.733333,0.4,0.4,0.2,0.4,0.4,0.333333,0.333333,0.8,0.6,0.733333,0.2,0.666667,0.4,0.6
L, 0.333333,0.733333,0.466667,0.6,0.4,0.533333,0.266667,0,0.466667,0.6,0.2,0.666667,0.0666667,0.4,0.133333,0.6
L, 0.0666667,0.2,0.2,0.0666667,0.0666667,0.4,0.266667,0.0666667,0.466667,0.466667,0.133333,0.6,0,0.466667,0.133333,0.533333
J, 0.266667,0.533333,0.2,0.8,0.2,0.533333,0.466667,0.2,0.2,0.733333,0.266667,0.333333,0.2,0.533333,0.466667,0.666667
L, 0.2,0.666667,0.2,0.533333,0.0666667,0,0.0666667,0.333333,0.4,0,0,0.466667,0,0.533333,0,0.533333
J, 0.2,0.533333,0.2,0.4,0.133333,0.933333,0.2,0.266667,0.266667,0.866667,0.0666667,0.533333,0,0.466667,0,0.533333
L, 0.133333,0.133333,0.2,0.2,0.133333,0.266667,0.266667,0.266667,0.466667,0.133333,0.0666667,0.4,0.0666667,0.466667,0.0666667,0.4
L, 0.266667,0.533333,0.333333,0.4,0.2,0.266667,0.333333,0.0666667,0.6,0.466667,0.133333,0.733333,0,0.466667,0.2,0.466667
J, 0.2,0.333333,0.333333,0.266667,0.133333,0.666667,0.333333,0.2,0.4,0.933333,0.266667,0.666667,0,0.466667,0,0.533333
L, 0.133333,0.333333,0.266667,0.266667,0.133333,0.466667,0.266667,0.0666667,0.466667,0.6,0.133333,0.666667,0,0.466667,0.133333,0.533333
J, 0.2,0.466667,0.333333,0.333333,0.133333,0.6,0.333333,0.333333,0.333333,1,0.4,0.733333,0,0.4,0.0666667,0.466667
J, 0.266667,0.6,0.4,0.466667,0.2,0.4,0.466667,0.2,0.333333,1,0.4,0.666667,0.0666667,0.4,0.0666667,0.466667
J, 0.133333,0.133333,0.2,0.2,0.0666667,0.666667,0.4,0.2,0.4,0.8,0.266667,0.6,0,0.466667,0.0666667,0.466667
J, 0.0666667,0.2,0.2,0.133333,0.0666667,0.533333,0.4,0.2,0.4,0.933333,0.333333,0.666667,0,0.466667,0,0.466667
J, 0.2,0.533333,0.266667,0.4,0.133333,0.533333,0.466667,0.0666667,0.533333,0.8,0.333333,0.533333,0,0.4,0.133333,0.4
J, 0.133333,0.533333,0.2,0.4,0.0666667,0.8,0.133333,0.6,0.266667,0.933333,0.4,0.866667,0.0666667,0.4,0,0.533333
L, 0.266667,0.6,0.266667,0.466667,0.2,0,0.133333,0.266667,0.4,0.0666667,0,0.533333,0,0.533333,0,0.533333
J, 0.133333,0.333333,0.2,0.2,0.0666667,0.666667,0.466667,0.0666667,0.466667,0.8,0.2,0.466667,0,0.466667,0.0666667,0.466667
L, 0.266667,0.733333,0.4,0.533333,0.533333,0.466667,0.533333,0.2,0.333333,0.4,0.4,0.666667,0.4,0.733333,0.466667,0.333333
J, 0.333333,0.733333,0.466667,0.533333,0.266667,0.533333,0.4,0.2,0.4,1,0.266667,0.6,0,0.466667,0,0.466667
L, 0.333333,0.733333,0.4,0.533333,0.333333,0.2,0.266667,0.2,0.533333,0.133333,0,0.533333,0,0.466667,0.0666667,0.333333
J, 0.2,0.4,0.333333,0.266667,0.133333,0.666667,0.4,0.0666667,0.466667,0.933333,0.2,0.466667,0,0.533333,0,0.533333
J, 0.266667,0.4,0.333333,0.266667,0.133333,0.533333,0.4,0.266667,0.4,1,0.466667,0.8,0.0666667,0.4,0.0666667,0.466667
J, 0.133333,0.4,0.2,0.266667,0.0666667,0.866667,0.133333,0.533333,0.266667,0.933333,0.266667,0.8,0,0.466667,0,0.533333
L, 0.266667,0.533333,0.333333,0.4,0.2,0.266667,0.2,0.333333,0.6,0.0666667,0.0666667,0.333333,0.0666667,0.4,0.0666667,0.333333
J, 0.133333,0.4,0.2,0.266667,0.2,0.666667,0.466667,0.2,0.2,0.6,0.266667,0.466667,0.133333,0.533333,0.466667,0.533333
J, 0.133333,0.666667,0.2,0.533333,0.0666667,0.733333,0.2,0.666667,0.2,0.866667,0.466667,0.866667,0.0666667,0.4,0,0.533333
J, 0.2,0.666667,0.266667,0.533333,0.133333,0.933333,0.2,0.333333,0.333333,0.866667,0.0666667,0.6,0,0.466667,0,0.533333
L, 0.0666667,0,0.0666667,0.0666667,0,0.133333,0.133333,0.333333,0.333333,0.0666667,0.0666667,0.4,0,0.533333,0,0.533333
J, 0.2,0.333333,0.333333,0.4,0.266667,0.533333,0.6,0.266667,0.333333,0.466667,0.4,0.533333,0.2,0.533333,0.533333,0.6
J, 0.2,0.666667,0.266667,0.466667,0.0666667,0.8,0.133333,0.666667,0.266667,0.933333,0.333333,0.866667,0.0666667,0.4,0,0.533333
L, 0.133333,0.4,0.2,0.266667,0.133333,0.2,0.266667,0.2,0.533333,0.133333,0.0666667,0.533333,0,0.466667,0.0666667,0.4
J, 0.133333,0.466667,0.2,0.333333,0.0666667,0.8,0.133333,0.6,0.266667,0.866667,0.333333,0.866667,0.0666667,0.4,0,0.533333
L, 0.2,0.533333,0.333333,0.4,0.2,0.533333,0.266667,0.0666667,0.533333,0.6,0.2,0.666667,0,0.466667,0.133333,0.6
J, 0.266667,0.466667,0.2,0.666667,0.2,0.6,0.466667,0.2,0.2,0.733333,0.266667,0.333333,0.2,0.533333,0.4,0.6
L, 0.2,0.2,0.266667,0.333333,0.0666667,0.0666667,0,0.4,0.4,0,0.0666667,0.333333,0,0.533333,0,0.533333
J, 0.133333,0.333333,0.333333,0.2,0.0666667,0.533333,0.4,0.2,0.466667,1,0.4,0.666667,0.0666667,0.4,0.0666667,0.466667
J, 0.0666667,0.333333,0.133333,0.2,0.0666667,0.666667,0.4,0.133333,0.4,0.733333,0.2,0.533333,0,0.466667,0.0666667,0.466667
J, 0.2,0.666667,0.266667,0.533333,0.0666667,0.866667,0.133333,0.6,0.266667,0.933333,0.333333,0.866667,0.0666667,0.4,0,0.533333
J, 0.0666667,0.2,0.133333,0.133333,0.0666667,0.533333,0.333333,0.266667,0.266667,0.866667,0.466667,0.8,0.0666667,0.466667,0,0.533333
J, 0.2,0.466667,0.266667,0.333333,0.266667,0.666667,0.333333,0.133333,0.333333,0.533333,0.333333,0.333333,0.2,0.466667,0.333333,0.466667
J, 0.2,0.6,0.333333,0.466667,0.4,0.6,0.533333,0.2,0.2,0.533333,0.266667,0.4,0.266667,0.533333,0.4,0.266667
J, 0.133333,0.4,0.133333,0.266667,0.133333,0.533333,0.466667,0,0.4,0.666667,0.333333,0.466667,0,0.466667,0.0666667,0.466667
J, 0.133333,0.2,0.2,0.333333,0.0666667,0.8,0.133333,0.6,0.266667,0.866667,0.333333,0.866667,0.0666667,0.4,0,0.533333
J, 0.266667,0.333333,0.4,0.333333,0.333333,0.533333,0.533333,0.266667,0.4,0.466667,0.4,0.533333,0.2,0.6,0.533333,0.533333
J, 0.133333,0.2,0.2,0.333333,0.0666667,0.733333,0.133333,0.666667,0.2,0.866667,0.533333,0.866667,0.0666667,0.4,0,0.533333
L, 0.266667,0.333333,0.333333,0.266667,0.133333,0.266667,0.266667,0.333333,0.533333,0.133333,0.133333,0.333333,0.0666667,0.4,0.0666667,0.333333
J, 0.133333,0.4,0.266667,0.266667,0.133333,0.6,0.333333,0.266667,0.333333,0.933333,0.266667,0.666667,0,0.466667,0,0.533333
L, 0.333333,0.666667,0.4,0.533333,0.266667,0.466667,0.266667,0.133333,0.533333,0.466667,0.0666667,0.533333,0.0666667,0.4,0.2,0.466667
L, 0.133333,0.333333,0.2,0.266667,0.133333,0.266667,0.266667,0.266667,0.466667,0.133333,0.0666667,0.4,0,0.466667,0.0666667,0.4
L, 0.466667,1,0.4,0.533333,0.2,0.666667,0.133333,0.2,0.333333,0.866667,0.266667,0.8,0.133333,0.533333,0.333333,0.666667
L, 0.0666667,0.2,0.2,0.133333,0.0666667,0.4,0.266667,0.0666667,0.466667,0.466667,0.133333,0.666667,0,0.466667,0.133333,0.533333
J, 0.4,0.466667,0.266667,0.666667,0.2,0.666667,0.4,0.2,0.266667,0.733333,0.2,0.333333,0.2,0.533333,0.466667,0.666667
L, 0.266667,0.533333,0.4,0.466667,0.4,0.466667,0.4,0.333333,0.333333,0.466667,0.466667,0.466667,0.2,0.6,0.533333,0.733333
L, 0.333333,0.733333,0.266667,0.4,0.133333,0.666667,0.133333,0.2,0.266667,0.866667,0.266667,0.733333,0.133333,0.533333,0.333333,0.6
L, 0.333333,0.733333,0.466667,0.533333,0.6,0.533333,0.466667,0.2,0.333333,0.4,0.466667,0.6,0.466667,0.666667,0.466667,0.4
J, 0.2,0.666667,0.266667,0.533333,0.0666667,0.8,0.133333,0.666667,0.266667,0.933333,0.266667,0.866667,0.0666667,0.4,0,0.533333
L, 0.133333,0.466667,0.266667,0.333333,0.333333,0.466667,0.533333,0.133333,0.266667,0.4,0.466667,0.666667,0.333333,0.733333,0.4,0.333333
L, 0.266667,0.6,0.4,0.466667,0.2,0.533333,0.266667,0.0666667,0.533333,0.6,0.133333,0.666667,0,0.4,0.133333,0.6
L, 0.2,0.6,0.333333,0.466667,0.2,0.333333,0.333333,0.133333,0.533333,0.4,0.0666667,0.666667,0,0.4,0.2,0.466667
J, 0.266667,0.666667,0.4,0.466667,0.4,0.666667,0.533333,0.2,0.266667,0.533333,0.2,0.4,0.266667,0.533333,0.466667,0.466667
J, 0.133333,0.533333,0.2,0.4,0.133333,0.6,0.4,0.2,0.4,0.733333,0.266667,0.6,0.0666667,0.4,0.133333,0.4
L, 0.0666667,0.2,0.133333,0.0666667,0.0666667,0.4,0.266667,0.0666667,0.533333,0.533333,0.2,0.666667,0,0.466667,0.133333,0.533333
J, 0.466667,0.733333,0.333333,1,0.266667,0.533333,0.533333,0.2,0.2,0.866667,0.266667,0.333333,0.2,0.533333,0.466667,0.666667
L, 0.0666667,0.2,0.133333,0.133333,0.0666667,0.466667,0.266667,0.0666667,0.466667,0.533333,0.133333,0.666667,0,0.466667,0.133333,0.533333
J, 0.266667,0.666667,0.266667,0.466667,0.2,0.933333,0.2,0.333333,0.266667,0.866667,0.133333,0.666667,0,0.466667,0,0.533333
L, 0.2,0.266667,0.2,0.4,0.0666667,0,0.0666667,0.333333,0.4,0,0,0.466667,0,0.533333,0,0.533333
L, 0.133333,0.266667,0.266667,0.2,0.0666667,0.4,0.266667,0.0666667,0.533333,0.533333,0.133333,0.666667,0,0.466667,0.133333,0.533333
L, 0.2,0.6,0.333333,0.466667,0.2,0.466667,0.333333,0.0666667,0.466667,0.533333,0.133333,0.666667,0,0.4,0.133333,0.533333
L, 0.266667,0.666667,0.333333,0.533333,0.2,0,0.133333,0.266667,0.4,0.0666667,0,0.533333,0,0.533333,0,0.533333
J, 0.333333,0.4,0.4,0.466667,0.333333,0.533333,0.6,0.266667,0.333333,0.466667,0.4,0.533333,0.2,0.533333,0.533333,0.533333
L, 0.2,0.6,0.266667,0.466667,0.133333,0,0.133333,0.266667,0.4,0.0666667,0,0.533333,0,0.533333,0,0.533333
L, 0.266667,0.666667,0.4,0.533333,0.266667,0.333333,0.333333,0.0666667,0.6,0.4,0.133333,0.666667,0.0666667,0.466667,0.2,0.466667
L, 0.133333,0.133333,0.2,0.266667,0.133333,0.333333,0.266667,0.333333,0.466667,0.133333,0.133333,0.333333,0.0666667,0.4,0.0666667,0.4
L, 0.266667,0.533333,0.4,0.4,0.266667,0.4,0.333333,0.0666667,0.6,0.466667,0.133333,0.666667,0,0.4,0.2,0.533333
L, 0.133333,0.333333,0.2,0.2,0.0666667,0.266667,0.266667,0.266667,0.466667,0.133333,0.133333,0.4,0.0666667,0.466667,0.0666667,0.4
L, 0.2,0.333333,0.266667,0.266667,0.133333,0.266667,0.266667,0.266667,0.533333,0.133333,0.0666667,0.4,0,0.466667,0.0666667,0.4
L, 0.333333,0.733333,0.466667,0.533333,0.333333,0.6,0.2,0.0666667,0.533333,0.6,0.133333,0.666667,0.2,0.4,0.333333,0.666667
L, 0.333333,0.6,0.466667,0.466667,0.333333,0.533333,0.266667,0.0666667,0.533333,0.6,0.133333,0.666667,0.0666667,0.4,0.2,0.6
L, 0.133333,0.0666667,0.133333,0.2,0.0666667,0.266667,0.266667,0.333333,0.466667,0.133333,0.133333,0.333333,0.0666667,0.466667,0.0666667,0.4
L, 0.266667,0.733333,0.4,0.533333,0.266667,0.333333,0.2,0.2,0.6,0.4,0.0666667,0.533333,0.0666667,0.4,0.2,0.4
J, 0.133333,0.333333,0.2,0.466667,0.0666667,0.8,0.2,0.6,0.266667,0.866667,0.333333,0.8,0.0666667,0.4,0,0.533333
J, 0.133333,0.6,0.2,0.466667,0.0666667,0.866667,0.2,0.533333,0.333333,0.933333,0.133333,0.733333,0,0.4,0,0.533333
L, 0.2,0.466667,0.333333,0.333333,0.133333,0.333333,0.266667,0.133333,0.666667,0.4,0.0666667,0.6,0,0.466667,0.2,0.4
J, 0.4,0.6,0.533333,0.466667,0.333333,0.6,0.266667,0.466667,0.466667,0.533333,0.4,0.4,0.133333,0.466667,0.333333,0.4
J, 0.333333,0.6,0.4,0.466667,0.2,0.6,0.333333,0.266667,0.4,1,0.266667,0.666667,0,0.466667,0.0666667,0.466667
J, 0.333333,0.466667,0.466667,0.333333,0.266667,0.6,0.333333,0.333333,0.4,0.533333,0.4,0.4,0.133333,0.466667,0.266667,0.4
J, 0.133333,0.466667,0.133333,0.333333,0.0666667,0.8,0.133333,0.6,0.266667,0.866667,0.333333,0.8,0.0666667,0.4,0,0.533333
L, 0.0666667,0.266667,0.133333,0.2,0.0666667,0.466667,0.2,0.0666667,0.4,0.533333,0.133333,0.666667,0,0.466667,0.133333,0.533333
J, 0.133333,0.333333,0.2,0.533333,0.0666667,0.8,0.2,0.666667,0.2,0.866667,0.4,0.866667,0.0666667,0.4,0,0.533333
J, 0.266667,0.6,0.4,0.466667,0.2,0.4,0.6,0.133333,0.4,0.933333,0.4,0.466667,0.0666667,0.466667,0.0666667,0.466667
L, 0.133333,0.0666667,0.2,0.133333,0.0666667,0.266667,0.266667,0.2,0.533333,0.133333,0.0666667,0.466667,0,0.466667,0.0666667,0.4
J, 0.133333,0.733333,0.2,0.533333,0.133333,0.866667,0.2,0.4,0.266667,0.866667,0.133333,0.666667,0,0.466667,0,0.533333
L, 0.266667,0.6,0.333333,0.266667,0.2,0.6,0.266667,0.2,0.266667,0.8,0.466667,0.733333,0.2,0.666667,0.266667,0.666667
L, 0.133333,0.466667,0.266667,0.333333,0.266667,0.466667,0.466667,0.2,0.266667,0.466667,0.4,0.666667,0.333333,0.666667,0.4,0.333333
L, 0.333333,0.6,0.4,0.466667,0.333333,0.333333,0.4,0.333333,0.4,0.4,0.333333,0.6,0.533333,0.466667,0.266667,0.666667
L, 0.0666667,0,0.0666667,0,0,0.133333,0.133333,0.333333,0.266667,0.0666667,0.133333,0.4,0,0.533333,0,0.533333
J, 0.133333,0.6,0.266667,0.4,0.266667,0.666667,0.466667,0.2,0.2,0.6,0.2,0.4,0.133333,0.466667,0.466667,0.466667
J, 0.133333,0.466667,0.2,0.333333,0.133333,0.533333,0.466667,0.133333,0.333333,0.733333,0.333333,0.533333,0.2,0.533333,0.133333,0.4
L, 0.2,0.466667,0.266667,0.333333,0.2,0.333333,0.333333,0.133333,0.533333,0.2,0.133333,0.466667,0,0.466667,0.0666667,0.333333
J, 0.2,0.6,0.266667,0.466667,0.266667,0.6,0.4,0.0666667,0.4,0.733333,0.266667,0.466667,0,0.4,0.0666667,0.4
J, 0.333333,0.6,0.266667,0.466667,0.2,0.466667,0.733333,0.2,0.2,0.866667,0.333333,0.266667,0.133333,0.533333,0.466667,0.533333
L, 0.2,0.6,0.333333,0.4,0.2,0.333333,0.266667,0.133333,0.533333,0.4,0.0666667,0.666667,0,0.4,0.2,0.466667
J, 0.133333,0.6,0.2,0.4,0.133333,0.666667,0.4,0.0666667,0.466667,0.733333,0.2,0.4,0,0.466667,0.0666667,0.466667
J, 0.4,0.866667,0.333333,0.666667,0.266667,0.466667,0.733333,0.2,0.2,0.866667,0.333333,0.266667,0.133333,0.6,0.533333,0.6
J, 0.4,0.6,0.6,0.466667,0.4,0.533333,0.333333,0.2,0.4,0.533333,0.4,0.533333,0.266667,0.466667,0.266667,0.466667
L, 0.2,0.6,0.266667,0.4,0.133333,0,0.133333,0.266667,0.4,0.0666667,0,0.533333,0,0.533333,0,0.533333
J, 0,0,0.0666667,0.0666667,0,0.8,0.266667,0.333333,0.2,0.8,0.266667,0.733333,0,0.466667,0,0.533333
L, 0.2,0.4,0.2,0.266667,0.0666667,0,0.0666667,0.4,0.4,0,0,0.4,0,0.533333,0,0.533333
J, 0.333333,0.666667,0.4,0.533333,0.2,0.4,0.6,0.2,0.4,1,0.466667,0.533333,0.133333,0.533333,0.133333,0.533333
J, 0.2,0.6,0.333333,0.466667,0.133333,0.533333,0.466667,0.133333,0.533333,1,0.266667,0.466667,0,0.466667,0,0.533333
L, 0.266667,0.533333,0.333333,0.4,0.133333,0.333333,0.2,0.0666667,0.6,0.4,0.0666667,0.666667,0,0.466667,0.133333,0.466667
J, 0.133333,0.2,0.2,0.333333,0.0666667,0.866667,0.2,0.533333,0.266667,0.866667,0.266667,0.733333,0.0666667,0.4,0,0.533333
L, 0.333333,0.666667,0.466667,0.533333,0.266667,0.466667,0.2,0.0666667,0.6,0.6,0.133333,0.733333,0,0.466667,0.2,0.6
L, 0.2,0.466667,0.266667,0.333333,0.2,0.333333,0.333333,0.266667,0.466667,0.2,0.133333,0.4,0.266667,0.4,0.0666667,0.4
L, 0.333333,0.733333,0.4,0.533333,0.266667,0.2,0.266667,0.266667,0.6,0.133333,0,0.466667,0,0.466667,0.0666667,0.333333
L, 0.0666667,0,0.0666667,0.0666667,0,0.133333,0.133333,0.333333,0.333333,0.0666667,0.0666667,0.4,0,0.533333,0,0.533333
L, 0.133333,0.2,0.2,0.133333,0.0666667,0.333333,0.266667,0.333333,0.533333,0.2,0.133333,0.4,0.0666667,0.466667,0.0666667,0.4
J, 0.4,0.466667,0.533333,0.6,0.466667,0.466667,0.533333,0.266667,0.466667,0.4,0.466667,0.466667,0.2,0.666667,0.6,0.6
J, 0.266667,0.666667,0.4,0.533333,0.4,0.6,0.533333,0.266667,0.266667,0.6,0.2,0.466667,0.266667,0.533333,0.466667,0.333333
L, 0.133333,0.4,0.133333,0.266667,0,0,0.133333,0.333333,0.4,0,0,0.466667,0,0.533333,0,0.533333
J, 0.133333,0.533333,0.2,0.4,0.0666667,0.866667,0.2,0.533333,0.266667,0.866667,0.2,0.733333,0.0666667,0.4,0,0.533333
L, 0.133333,0.466667,0.133333,0.333333,0.0666667,0,0.0666667,0.333333,0.4,0,0,0.466667,0,0.533333,0,0.533333
J, 0.2,0.466667,0.266667,0.333333,0.133333,0.6,0.4,0.0666667,0.4,0.733333,0.266667,0.466667,0,0.466667,0.0666667,0.466667
L, 0.133333,0.466667,0.266667,0.333333,0.133333,0.6,0.266667,0.0666667,0.4,0.6,0.2,0.666667,0,0.4,0.133333,0.666667
J, 0.266667,0.533333,0.4,0.4,0.133333,0.6,0.4,0.133333,0.533333,1,0.266667,0.533333,0,0.466667,0,0.533333
J, 0.333333,0.4,0.266667,0.6,0.2,0.666667,0.333333,0.133333,0.4,0.6,0.333333,0.466667,0.2,0.533333,0.266667,0.733333
L, 0.4,0.533333,0.466667,0.466667,0.4,0.533333,0.4,0.266667,0.333333,0.466667,0.466667,0.533333,0.2,0.533333,0.533333,0.666667
L, 0.266667,0.6,0.266667,0.266667,0.133333,0.666667,0.266667,0.2,0.2,0.733333,0.4,0.666667,0.2,0.666667,0.266667,0.666667
L, 0.333333,0.733333,0.266667,0.4,0.133333,0.333333,0.333333,0.2,0.466667,0.6,0.266667,0.8,0.133333,0.4,0.333333,0.466667
L, 0.133333,0.2,0.2,0.133333,0.0666667,0.266667,0.266667,0.266667,0.466667,0.133333,0.133333,0.4,0,0.466667,0.0666667,0.4
L, 0.2,0.533333,0.266667,0.4,0.2,0.333333,0.266667,0.133333,0.6,0.2,0.133333,0.466667,0.2,0.466667,0.133333,0.333333
J, 0.0666667,0.2,0.2,0.0666667,0.0666667,0.533333,0.533333,0.133333,0.333333,0.933333,0.333333,0.533333,0.0666667,0.466667,0,0.533333
J, 0.0666667,0.0666667,0.0666667,0.0666667,0,0.8,0.2,0.4,0.266667,0.866667,0.266667,0.733333,0,0.466667,0,0.533333
L, 0.266667,0.733333,0.266667,0.533333,0.2,0,0.133333,0.266667,0.4,0.0666667,0,0.533333,0,0.533333,0,0.533333
L, 0.2,0.533333,0.2,0.4,0.0666667,0,0.0666667,0.333333,0.4,0,0,0.4,0,0.533333,0,0.533333
L, 0.333333,0.666667,0.333333,0.533333,0.2,0,0.0666667,0.333333,0.4,0,0,0.466667,0,0.533333,0,0.533333
J, 0.0666667,0.2,0.133333,0.133333,0.0666667,0.666667,0.4,0.2,0.4,0.8,0.266667,0.666667,0,0.466667,0.0666667,0.533333
J, 0.0666667,0.2,0.133333,0.133333,0.0666667,0.6,0.466667,0.133333,0.4,0.933333,0.333333,0.533333,0,0.466667,0,0.533333
J, 0.133333,0.4,0.133333,0.266667,0.0666667,0.6,0.466667,0,0.533333,0.733333,0.333333,0.4,0,0.466667,0.0666667,0.466667
L, 0.2,0.4,0.2,0.266667,0.0666667,0.0666667,0,0.4,0.4,0,0.0666667,0.333333,0,0.533333,0,0.533333
L, 0.266667,0.733333,0.333333,0.533333,0.266667,0.466667,0.266667,0.0666667,0.466667,0.533333,0.133333,0.666667,0.0666667,0.4,0.2,0.533333
J, 0.133333,0.266667,0.266667,0.2,0.0666667,0.6,0.333333,0.2,0.466667,1,0.4,0.8,0,0.466667,0,0.533333
J, 0.0666667,0.2,0.133333,0.133333,0.0666667,0.533333,0.533333,0.133333,0.333333,0.933333,0.333333,0.533333,0,0.466667,0,0.466667
L, 0.6,0.933333,0.6,0.533333,0.333333,0.466667,0.266667,0.266667,0.333333,0.8,0.533333,0.8,0.266667,0.6,0.4,0.666667
L, 0.2,0.266667,0.266667,0.466667,0.0666667,0,0.0666667,0.4,0.4,0,0,0.4,0,0.533333,0,0.533333
L, 0.2,0.533333,0.266667,0.4,0.0666667,0,0,0.4,0.4,0,0.0666667,0.333333,0,0.533333,0,0.533333
J, 0.333333,0.666667,0.466667,0.533333,0.466667,0.6,0.666667,0.266667,0.266667,0.6,0.266667,0.4,0.266667,0.533333,0.4,0.266667
J, 0.2,0.466667,0.333333,0.333333,0.133333,0.733333,0.4,0.133333,0.466667,0.933333,0.2,0.533333,0,0.533333,0,0.533333
L, 0.266667,0.666667,0.266667,0.533333,0.0666667,0,0.0666667,0.4,0.4,0,0,0.4,0,0.533333,0,0.533333
L, 0.133333,0.4,0.266667,0.266667,0.133333,0.266667,0.333333,0.0666667,0.533333,0.4,0.133333,0.666667,0,0.466667,0.133333,0.466667
J, 0.266667,0.733333,0.333333,0.533333,0.2,0.733333,0.333333,0.266667,0.466667,0.8,0.133333,0.6,0.0666667,0.4,0.133333,0.4
L, 0.2,0.6,0.333333,0.466667,0.466667,0.466667,0.533333,0.2,0.333333,0.4,0.4,0.666667,0.4,0.733333,0.466667,0.333333
L, 0.2,0.466667,0.266667,0.333333,0.133333,0.266667,0.333333,0.133333,0.666667,0.2,0.0666667,0.533333,0,0.466667,0.133333,0.333333
J, 0.133333,0.266667,0.2,0.4,0.0666667,0.8,0.133333,0.6,0.266667,0.866667,0.4,0.866667,0.0666667,0.4,0,0.533333
J, 0.2,0.4,0.266667,0.266667,0.133333,0.4,0.4,0.266667,0.266667,0.933333,0.533333,0.8,0.0666667,0.4,0.0666667,0.4
J, 0.2,0.466667,0.333333,0.333333,0.133333,0.533333,0.333333,0.266667,0.4,0.933333,0.466667,0.8,0.0666667,0.4,0,0.466667
L, 0.266667,0.666667,0.266667,0.533333,0.0666667,0,0.0666667,0.4,0.4,0,0,0.4,0,0.533333,0,0.533333
L, 0.333333,0.666667,0.466667,0.533333,0.266667,0.466667,0.2,0.133333,0.6,0.466667,0.0666667,0.6,0.0666667,0.4,0.2,0.466667
J, 0.266667,0.333333,0.4,0.4,0.333333,0.533333,0.533333,0.266667,0.4,0.4,0.466667,0.466667,0.2,0.666667,0.533333,0.666667
L, 0.133333,0.266667,0.2,0.4,0.0666667,0,0.0666667,0.333333,0.4,0,0,0.466667,0,0.533333,0,0.533333
J, 0.133333,0.266667,0.266667,0.2,0.0666667,0.533333,0.4,0.2,0.466667,0.933333,0.333333,0.666667,0,0.466667,0,0.533333
J, 0.133333,0.4,0.133333,0.266667,0.0666667,0.6,0.466667,0.133333,0.4,0.733333,0.2,0.466667,0,0.466667,0.0666667,0.4
J, 0.0666667,0.2,0.133333,0.133333,0.0666667,0.666667,0.466667,0.0666667,0.333333,0.733333,0.266667,0.533333,0,0.466667,0,0.466667
L, 0.2,0.733333,0.333333,0.533333,0.2,0.266667,0.266667,0.266667,0.533333,0.133333,0,0.4,0,0.4,0.0666667,0.333333
J, 0.133333,0.333333,0.333333,0.266667,0.133333,0.666667,0.333333,0.266667,0.333333,0.933333,0.333333,0.733333,0.0666667,0.4,0.0666667,0.466667
J, 0.266667,0.6,0.333333,0.466667,0.2,0.466667,0.6,0.133333,0.4,0.933333,0.333333,0.466667,0,0.4,0.0666667,0.466667
L, 0.2,0.533333,0.266667,0.4,0.2,0.466667,0.2,0.266667,0.4,0.4,0.133333,0.466667,0.0666667,0.4,0.133333,0.466667
L, 0.2,0.466667,0.2,0.333333,0.0666667,0.0666667,0.0666667,0.333333,0.333333,0,0.0666667,0.4,0,0.533333,0,0.533333
L, 0.133333,0.2,0.133333,0.133333,0.0666667,0.266667,0.266667,0.266667,0.466667,0.133333,0.133333,0.4,0,0.466667,0.0666667,0.4
J, 0.2,0.4,0.266667,0.266667,0.133333,0.6,0.266667,0.333333,0.266667,0.933333,0.466667,0.866667,0.0666667,0.4,0,0.466667
J, 0.0666667,0.0666667,0.133333,0.0666667,0,0.733333,0.4,0.133333,0.4,0.8,0.2,0.533333,0,0.466667,0,0.533333
L, 0.266667,0.6,0.4,0.4,0.266667,0.333333,0.333333,0.133333,0.6,0.266667,0.133333,0.466667,0.2,0.466667,0.133333,0.333333
J, 0.0666667,0.2,0.133333,0.0666667,0.0666667,0.733333,0.4,0.133333,0.333333,0.733333,0.266667,0.533333,0,0.466667,0.0666667,0.533333
J, 0.333333,0.533333,0.2,0.8,0.2,0.6,0.4,0.133333,0.266667,0.6,0.333333,0.4,0.2,0.6,0.333333,0.666667
J, 0.266667,0.466667,0.333333,0.333333,0.133333,0.466667,0.466667,0.2,0.4,1,0.333333,0.6,0,0.466667,0,0.466667
L, 0.266667,0.533333,0.266667,0.4,0.0666667,0,0,0.4,0.4,0,0.0666667,0.266667,0,0.533333,0,0.533333
L, 0.4,0.733333,0.4,0.4,0.2,0.533333,0.266667,0.2,0.333333,0.8,0.466667,0.8,0.2,0.533333,0.4,0.6
L, 0.2,0.533333,0.333333,0.4,0.266667,0.266667,0.266667,0.266667,0.466667,0.133333,0.0666667,0.4,0.0666667,0.4,0.0666667,0.4
J, 0.0666667,0.0666667,0.133333,0.133333,0.0666667,0.733333,0.466667,0.0666667,0.333333,0.733333,0.266667,0.466667,0,0.466667,0,0.533333
J, 0.2,0.466667,0.266667,0.333333,0.133333,0.6,0.4,0.266667,0.466667,1,0.333333,0.666667,0,0.466667,0.0666667,0.466667
L, 0.266667,0.6,0.4,0.4,0.2,0.466667,0.2,0.133333,0.533333,0.466667,0.133333,0.533333,0.0666667,0.4,0.133333,0.466667
J, 0.133333,0.466667,0.2,0.333333,0.2,0.6,0.466667,0.0666667,0.333333,0.666667,0.266667,0.466667,0,0.466667,0.0666667,0.4
J, 0.2,0.466667,0.266667,0.333333,0.0666667,0.466667,0.466667,0.2,0.466667,1,0.4,0.666667,0,0.466667,0.0666667,0.466667
J, 0.2,0.666667,0.266667,0.466667,0.133333,0.666667,0.4,0,0.533333,0.733333,0.2,0.4,0,0.466667,0.0666667,0.466667
L, 0.133333,0.333333,0.2,0.266667,0.133333,0.266667,0.266667,0.266667,0.466667,0.133333,0.0666667,0.4,0,0.466667,0.0666667,0.4
J, 0,0,0.0666667,0.0666667,0,0.8,0.266667,0.333333,0.2,0.8,0.266667,0.733333,0,0.466667,0,0.533333
J, 0.133333,0.666667,0.2,0.533333,0.0666667,0.933333,0.2,0.466667,0.333333,0.933333,0.0666667,0.666667,0,0.466667,0,0.533333
L, 0.133333,0.466667,0.133333,0.333333,0.0666667,0,0.133333,0.333333,0.4,0,0,0.466667,0,0.533333,0,0.533333
J, 0.333333,0.6,0.466667,0.466667,0.2,0.6,0.4,0.2,0.466667,1,0.333333,0.666667,0.0666667,0.4,0.0666667,0.466667
L, 0.133333,0.2,0.133333,0.133333,0.0666667,0.266667,0.2,0.266667,0.533333,0.133333,0.133333,0.333333,0,0.466667,0.0666667,0.4
J, 0.0666667,0.4,0.133333,0.266667,0.0666667,0.666667,0.4,0.0666667,0.466667,0.733333,0.2,0.466667,0,0.466667,0.0666667,0.466667
J, 0.333333,0.6,0.466667,0.466667,0.333333,0.533333,0.466667,0.466667,0.466667,0.533333,0.466667,0.533333,0.2,0.4,0.333333,0.333333
L, 0.333333,0.733333,0.333333,0.4,0.2,0.466667,0.266667,0.2,0.333333,0.733333,0.466667,0.8,0.2,0.466667,0.4,0.533333
J, 0.266667,0.4,0.333333,0.266667,0.133333,0.666667,0.4,0.133333,0.533333,1,0.266667,0.533333,0,0.533333,0,0.533333
J, 0.266667,0.466667,0.333333,0.533333,0.333333,0.533333,0.533333,0.266667,0.333333,0.466667,0.4,0.533333,0.2,0.533333,0.6,0.533333
J, 0,0,0.0666667,0,0,0.8,0.266667,0.4,0.2,0.8,0.266667,0.733333,0,0.466667,0,0.533333
J, 0.133333,0.333333,0.266667,0.266667,0.133333,0.666667,0.4,0.133333,0.4,0.8,0.266667,0.533333,0.0666667,0.4,0.0666667,0.466667
L, 0.266667,0.733333,0.4,0.533333,0.6,0.466667,0.466667,0.2,0.333333,0.466667,0.466667,0.666667,0.466667,0.733333,0.533333,0.333333
J, 0.333333,0.4,0.2,0.6,0.2,0.533333,0.533333,0.2,0.2,0.8,0.333333,0.333333,0.2,0.533333,0.4,0.666667
J, 0.133333,0.533333,0.2,0.4,0.0666667,0.866667,0.133333,0.533333,0.266667,0.866667,0.266667,0.8,0.0666667,0.4,0,0.533333
J, 0.0666667,0,0.0666667,0.0666667,0,0.8,0.2,0.333333,0.2,0.8,0.333333,0.733333,0,0.466667,0,0.533333
L, 0.2,0.533333,0.266667,0.4,0.0666667,0,0.0666667,0.4,0.4,0,0,0.4,0,0.533333,0,0.533333
J, 0.2,0.466667,0.266667,0.333333,0.133333,0.533333,0.4,0.2,0.4,1,0.333333,0.6,0,0.466667,0,0.466667
L, 0.266667,0.666667,0.333333,0.533333,0.466667,0.533333,0.533333,0.2,0.333333,0.333333,0.466667,0.6,0.333333,0.733333,0.6,0.666667
J, 0.266667,0.466667,0.333333,0.333333,0.133333,0.533333,0.6,0.0666667,0.466667,0.933333,0.333333,0.4,0,0.533333,0.0666667,0.533333
J, 0.333333,0.8,0.266667,0.6,0.266667,0.466667,0.666667,0.2,0.133333,0.866667,0.333333,0.333333,0.133333,0.533333,0.466667,0.666667
J, 0.2,0.6,0.266667,0.466667,0.2,0.6,0.4,0.133333,0.333333,0.733333,0.266667,0.6,0.0666667,0.4,0.133333,0.333333
J, 0.266667,0.533333,0.333333,0.4,0.2,0.466667,0.333333,0.333333,0.266667,0.933333,0.533333,0.933333,0.0666667,0.4,0.0666667,0.466667
J, 0.333333,0.6,0.466667,0.466667,0.4,0.466667,0.466667,0.333333,0.333333,0.533333,0.4,0.466667,0.4,0.466667,0.266667,0.466667
L, 0.266667,0.533333,0.333333,0.4,0.133333,0.2,0.0666667,0.466667,0.6,0,0.0666667,0.2,0,0.466667,0.0666667,0.333333
L, 0.133333,0.333333,0.2,0.266667,0.133333,0.4,0.333333,0.0666667,0.533333,0.466667,0.133333,0.666667,0,0.466667,0.2,0.533333
L, 0.2,0.2,0.2,0.333333,0.0666667,0,0.0666667,0.4,0.4,0,0,0.4,0,0.533333,0,0.533333
L, 0.266667,0.6,0.333333,0.533333,0.4,0.466667,0.4,0.333333,0.266667,0.466667,0.466667,0.533333,0.133333,0.6,0.466667,0.666667
L, 0.0666667,0.2,0.133333,0.0666667,0,0.4,0.266667,0.0666667,0.466667,0.533333,0.133333,0.666667,0,0.466667,0.133333,0.6
J, 0.2,0.533333,0.2,0.4,0.133333,0.866667,0.2,0.333333,0.266667,0.866667,0.133333,0.666667,0,0.466667,0,0.533333
J, 0.4,0.533333,0.266667,0.733333,0.2,0.4,0.666667,0.2,0.266667,0.866667,0.333333,0.333333,0.2,0.533333,0.466667,0.533333
J, 0.266667,0.533333,0.2,0.8,0.2,0.6,0.466667,0.2,0.2,0.733333,0.333333,0.333333,0.2,0.533333,0.4,0.666667
L, 0.2,0.666667,0.2,0.466667,0.0666667,0,0.0666667,0.333333,0.4,0,0,0.466667,0,0.533333,0,0.533333
J, 0.2,0.466667,0.266667,0.333333,0.133333,0.6,0.4,0.0666667,0.4,0.866667,0.266667,0.533333,0,0.466667,0,0.533333
L, 0.266667,0.666667,0.266667,0.333333,0.133333,0.666667,0.2,0.133333,0.333333,0.8,0.2,0.733333,0.133333,0.6,0.266667,0.666667
J, 0.133333,0.4,0.266667,0.266667,0.0666667,0.666667,0.4,0.133333,0.466667,1,0.266667,0.466667,0,0.466667,0,0.533333
J, 0.466667,0.533333,0.266667,0.8,0.266667,0.466667,0.6,0.2,0.266667,0.866667,0.266667,0.333333,0.2,0.533333,0.466667,0.666667
L, 0.133333,0.4,0.266667,0.266667,0.133333,0.6,0.266667,0.0666667,0.466667,0.666667,0.2,0.666667,0,0.466667,0.133333,0.666667
L, 0.133333,0.266667,0.2,0.2,0.0666667,0.533333,0.2,0.0666667,0.466667,0.6,0.133333,0.666667,0,0.466667,0.133333,0.6
J, 0.2,0.6,0.333333,0.466667,0.333333,0.6,0.6,0.2,0.2,0.533333,0.266667,0.4,0.266667,0.533333,0.333333,0.333333
J, 0.333333,0.666667,0.466667,0.533333,0.2,0.666667,0.4,0.133333,0.533333,0.933333,0.2,0.533333,0,0.466667,0,0.533333
J, 0.133333,0.266667,0.2,0.2,0.0666667,0.733333,0.4,0.133333,0.466667,0.733333,0.2,0.466667,0,0.466667,0.0666667,0.533333
L, 0.266667,0.6,0.266667,0.466667,0.133333,0,0.133333,0.266667,0.4,0.0666667,0,0.533333,0,0.533333,0,0.533333
L, 0.266667,0.666667,0.266667,0.533333,0.0666667,0,0,0.4,0.4,0,0,0.333333,0,0.533333,0,0.533333
L, 0.466667,0.666667,0.6,0.466667,0.466667,0.4,0.4,0.6,0.333333,0.4,0.4,0.6,0.2,0.466667,0.4,0.866667
L, 0.466667,1,0.466667,0.533333,0.333333,0.6,0.2,0.266667,0.266667,0.8,0.466667,0.733333,0.266667,0.533333,0.466667,0.6
J, 0.2,0.4,0.333333,0.266667,0.133333,0.466667,0.4,0.2,0.4,1,0.4,0.733333,0.0666667,0.4,0,0.533333
J, 0.133333,0.133333,0.266667,0.266667,0.133333,0.666667,0.4,0.133333,0.4,0.8,0.2,0.533333,0.0666667,0.4,0.0666667,0.466667
L, 0.0666667,0.2,0.2,0.0666667,0.0666667,0.4,0.266667,0.0666667,0.466667,0.533333,0.2,0.666667,0,0.466667,0.133333,0.6
L, 0.333333,0.733333,0.333333,0.533333,0.2,0,0.0666667,0.333333,0.4,0,0,0.466667,0,0.533333,0,0.533333
L, 0.133333,0.133333,0.2,0.266667,0.0666667,0.2,0.266667,0.2,0.533333,0.133333,0.0666667,0.466667,0,0.466667,0.0666667,0.4
L, 0.333333,0.666667,0.333333,0.333333,0.2,0.333333,0.466667,0.2,0.466667,0.8,0.533333,0.733333,0.133333,0.533333,0.4,0.466667
J, 0.333333,0.466667,0.466667,0.533333,0.4,0.533333,0.533333,0.266667,0.4,0.4,0.466667,0.466667,0.266667,0.6,0.666667,0.733333
J, 0.466667,0.666667,0.333333,0.533333,0.266667,0.466667,0.666667,0.2,0.133333,0.8,0.333333,0.333333,0.133333,0.6,0.533333,0.6
L, 0.0666667,0.2,0.133333,0.0666667,0.0666667,0.4,0.333333,0.0666667,0.466667,0.533333,0.2,0.666667,0,0.466667,0.133333,0.533333
J, 0.333333,0.6,0.466667,0.466667,0.2,0.6,0.333333,0.266667,0.4,1,0.266667,0.666667,0.0666667,0.4,0,0.466667
L, 0.333333,0.733333,0.333333,0.533333,0.133333,0,0,0.4,0.4,0,0.0666667,0.333333,0,0.533333,0,0.533333
J, 0.4,0.733333,0.533333,0.6,0.2,0.533333,0.466667,0.2,0.466667,1,0.333333,0.666667,0.0666667,0.4,0.0666667,0.466667
L, 0.333333,0.6,0.4,0.4,0.333333,0.4,0.466667,0.466667,0.333333,0.4,0.4,0.6,0.4,0.533333,0.333333,0.733333
L, 0.133333,0.2,0.2,0.133333,0.0666667,0.466667,0.266667,0.0666667,0.533333,0.533333,0.133333,0.666667,0,0.466667,0.133333,0.533333
J, 0.4,0.533333,0.533333,0.6,0.466667,0.533333,0.533333,0.266667,0.466667,0.4,0.466667,0.466667,0.266667,0.733333,0.733333,0.6
J, 0.133333,0.4,0.266667,0.266667,0.2,0.666667,0.333333,0.133333,0.266667,0.466667,0.333333,0.333333,0.2,0.533333,0.266667,0.4
L, 0.133333,0.266667,0.2,0.2,0.0666667,0.333333,0.266667,0.266667,0.466667,0.133333,0.133333,0.333333,0.0666667,0.466667,0.0666667,0.4
J, 0.2,0.733333,0.266667,0.533333,0.133333,1,0.2,0.266667,0.333333,0.866667,0,0.533333,0,0.466667,0,0.533333
L, 0.4,1,0.4,0.533333,0.266667,0.333333,0.466667,0.266667,0.4,0.8,0.6,0.8,0.2,0.533333,0.466667,0.466667
L, 0.133333,0.466667,0.2,0.333333,0.2,0.266667,0.266667,0.266667,0.4,0.2,0.0666667,0.466667,0.0666667,0.4,0.0666667,0.4
J, 0.133333,0.466667,0.2,0.333333,0.133333,0.533333,0.466667,0.0666667,0.4,0.733333,0.333333,0.533333,0.0666667,0.4,0.0666667,0.4
J, 0.266667,0.4,0.4,0.466667,0.333333,0.466667,0.533333,0.266667,0.4,0.4,0.533333,0.466667,0.2,0.6,0.6,0.666667
L, 0.466667,0.933333,0.466667,0.533333,0.266667,0.4,0.333333,0.266667,0.333333,0.8,0.6,0.733333,0.2,0.6,0.466667,0.533333
L, 0.333333,0.666667,0.466667,0.533333,0.2,0.333333,0.2,0.133333,0.666667,0.4,0.0666667,0.666667,0,0.466667,0.2,0.4
L, 0.4,0.8,0.4,0.4,0.266667,0.533333,0.2,0.2,0.266667,0.8,0.533333,0.8,0.2,0.666667,0.333333,0.733333
J, 0.2,0.466667,0.333333,0.333333,0.266667,0.6,0.533333,0.2,0.266667,0.6,0.266667,0.466667,0.266667,0.533333,0.4,0.333333
L, 0.466667,1,0.466667,0.533333,0.333333,0.6,0.2,0.2,0.266667,0.8,0.4,0.733333,0.2,0.533333,0.4,0.6
L, 0.0666667,0,0.0666667,0,0,0.2,0.0666667,0.4,0.266667,0.0666667,0.2,0.266667,0,0.533333,0,0.533333
J, 0.333333,0.6,0.4,0.466667,0.266667,0.466667,0.266667,0.333333,0.266667,0.933333,0.533333,0.933333,0.0666667,0.4,0.0666667,0.4
L, 0.266667,0.6,0.333333,0.533333,0.333333,0.533333,0.466667,0.2,0.4,0.4,0.466667,0.6,0.2,0.533333,0.466667,0.533333
L, 0.266667,0.666667,0.4,0.466667,0.533333,0.466667,0.533333,0.2,0.4,0.333333,0.4,0.666667,0.333333,0.733333,0.533333,0.533333
L, 0.2,0.466667,0.333333,0.4,0.266667,0.533333,0.333333,0.333333,0.266667,0.4,0.466667,0.533333,0.2,0.533333,0.533333,0.733333
J, 0.2,0.6,0.266667,0.466667,0.2,0.666667,0.4,0,0.533333,0.733333,0.2,0.4,0,0.466667,0.0666667,0.466667
J, 0.4,0.733333,0.533333,0.533333,0.2,0.533333,0.4,0.266667,0.4,1,0.4,0.733333,0.0666667,0.4,0.0666667,0.4
J, 0.133333,0.6,0.2,0.4,0.0666667,0.733333,0.2,0.666667,0.2,0.8,0.466667,0.866667,0.0666667,0.4,0,0.533333
L, 0.133333,0.466667,0.266667,0.333333,0.333333,0.533333,0.533333,0.2,0.266667,0.4,0.4,0.6,0.333333,0.733333,0.4,0.333333
L, 0.0666667,0,0.0666667,0,0,0.133333,0.133333,0.333333,0.266667,0.0666667,0.133333,0.4,0,0.533333,0,0.533333
J, 0.2,0.6,0.266667,0.466667,0.0666667,0.8,0.133333,0.666667,0.266667,0.933333,0.333333,0.866667,0.0666667,0.4,0,0.533333
L, 0.333333,0.666667,0.333333,0.333333,0.2,0.666667,0.2,0.2,0.2,0.733333,0.4,0.666667,0.2,0.666667,0.266667,0.666667
L, 0.0666667,0.2,0.133333,0.133333,0.0666667,0.466667,0.266667,0.133333,0.466667,0.466667,0.133333,0.6,0,0.466667,0.133333,0.533333
J, 0.2,0.4,0.333333,0.266667,0.133333,0.666667,0.333333,0.2,0.4,0.933333,0.2,0.6,0,0.466667,0,0.533333
L, 0.333333,0.733333,0.466667,0.533333,0.333333,0.333333,0.2,0.4,0.533333,0.133333,0.133333,0.266667,0.0666667,0.4,0.0666667,0.333333
L, 0.266667,0.6,0.266667,0.466667,0.133333,0,0.0666667,0.266667,0.4,0.0666667,0,0.466667,0,0.533333,0,0.533333
J, 0.0666667,0.266667,0.133333,0.133333,0.0666667,0.6,0.4,0.2,0.333333,0.8,0.333333,0.6,0.0666667,0.466667,0.0666667,0.466667
L, 0.2,0.333333,0.333333,0.333333,0.266667,0.533333,0.333333,0.333333,0.333333,0.466667,0.466667,0.533333,0.133333,0.533333,0.533333,0.733333
J, 0.0666667,0.266667,0.133333,0.133333,0.0666667,0.533333,0.466667,0.133333,0.333333,0.933333,0.4,0.6,0.0666667,0.466667,0,0.466667
L, 0.0666667,0,0.0666667,0,0,0.133333,0.0666667,0.4,0.266667,0,0.2,0.266667,0,0.533333,0,0.533333
J, 0.333333,0.733333,0.466667,0.533333,0.533333,0.6,0.466667,0.266667,0.266667,0.533333,0.266667,0.4,0.266667,0.466667,0.4,0.266667
J, 0.133333,0.133333,0.266667,0.266667,0.133333,0.666667,0.4,0.133333,0.4,0.8,0.266667,0.533333,0.0666667,0.4,0.0666667,0.466667
L, 0.2,0.466667,0.266667,0.333333,0.133333,0.4,0.266667,0.133333,0.533333,0.466667,0.133333,0.666667,0,0.466667,0.133333,0.533333
L, 0.2,0.6,0.266667,0.4,0.133333,0.466667,0.266667,0,0.6,0.6,0.133333,0.733333,0,0.466667,0.133333,0.533333
J, 0.0666667,0.266667,0.133333,0.2,0.0666667,0.666667,0.4,0.133333,0.333333,0.8,0.266667,0.6,0.0666667,0.4,0.0666667,0.466667
J, 0.266667,0.666667,0.333333,0.466667,0.133333,0.533333,0.466667,0.133333,0.466667,1,0.333333,0.533333,0,0.466667,0.0666667,0.466667
L, 0.133333,0.266667,0.2,0.2,0.0666667,0.4,0.266667,0.0666667,0.533333,0.533333,0.133333,0.666667,0,0.466667,0.133333,0.533333
J, 0.133333,0.333333,0.2,0.533333,0.0666667,0.8,0.2,0.666667,0.266667,0.866667,0.333333,0.866667,0.0666667,0.4,0,0.533333
L, 0.266667,0.6,0.333333,0.4,0.133333,0.466667,0.266667,0,0.6,0.6,0.133333,0.666667,0,0.466667,0.133333,0.533333
L, 0.133333,0.0666667,0.2,0.133333,0.0666667,0.266667,0.2,0.333333,0.4,0.133333,0.2,0.266667,0.0666667,0.466667,0,0.4
L, 0.2,0.133333,0.266667,0.2,0.133333,0.266667,0.266667,0.333333,0.466667,0.133333,0.133333,0.333333,0.0666667,0.4,0.0666667,0.4
L, 0.2,0.466667,0.266667,0.333333,0.0666667,0,0,0.4,0.4,0,0.0666667,0.333333,0,0.533333,0,0.533333
J, 0.0666667,0.2,0.133333,0.133333,0.0666667,0.733333,0.4,0.133333,0.4,0.8,0.2,0.533333,0,0.466667,0,0.533333
L, 0.2,0.6,0.333333,0.4,0.4,0.466667,0.533333,0.2,0.4,0.333333,0.466667,0.666667,0.333333,0.8,0.4,0.333333
L, 0.133333,0.4,0.2,0.266667,0.0666667,0,0.0666667,0.333333,0.4,0,0,0.4,0,0.533333,0,0.533333
L, 0.2,0.4,0.266667,0.266667,0.133333,0.333333,0.266667,0.2,0.533333,0.2,0.133333,0.4,0.0666667,0.4,0.133333,0.333333
L, 0.133333,0.333333,0.266667,0.2,0.133333,0.466667,0.2,0.133333,0.533333,0.533333,0.133333,0.6,0.0666667,0.466667,0.2,0.533333
J, 0,0,0.0666667,0,0,0.8,0.266667,0.333333,0.2,0.8,0.266667,0.666667,0,0.466667,0,0.533333
J, 0.133333,0.333333,0.266667,0.2,0.133333,0.6,0.333333,0.266667,0.333333,0.933333,0.4,0.733333,0.0666667,0.4,0,0.466667
L, 0.2,0.4,0.2,0.266667,0.0666667,0.0666667,0,0.4,0.4,0,0.0666667,0.333333,0,0.533333,0,0.533333
L, 0.133333,0.333333,0.266667,0.266667,0.133333,0.466667,0.2,0.0666667,0.533333,0.6,0.133333,0.666667,0,0.466667,0.133333,0.533333
L, 0.533333,0.866667,0.533333,0.533333,0.333333,0.6,0.2,0.2,0.2,0.733333,0.4,0.733333,0.266667,0.533333,0.466667,0.6
L, 0.2,0.6,0.333333,0.466667,0.133333,0.466667,0.2,0.133333,0.533333,0.466667,0.133333,0.6,0.0666667,0.4,0.133333,0.533333
L, 0.533333,0.8,0.533333,0.4,0.266667,0.533333,0.266667,0.266667,0.333333,0.8,0.533333,0.733333,0.2,0.6,0.4,0.6
J, 0.333333,0.4,0.2,0.6,0.2,0.6,0.466667,0.2,0.2,0.733333,0.266667,0.333333,0.2,0.533333,0.4,0.6
L, 0.2,0.2,0.2,0.333333,0.0666667,0,0.0666667,0.4,0.4,0,0.0666667,0.4,0,0.533333,0,0.533333
L, 0.0666667,0.2,0.133333,0.0666667,0.0666667,0.466667,0.2,0.0666667,0.4,0.6,0.2,0.666667,0,0.466667,0.133333,0.6
L, 0.133333,0.4,0.2,0.266667,0.133333,0.266667,0.2,0.533333,0.466667,0.0666667,0.133333,0.266667,0.0666667,0.4,0.0666667,0.4
J, 0.133333,0.4,0.133333,0.266667,0.0666667,0.8,0.133333,0.6,0.2,0.866667,0.333333,0.866667,0.0666667,0.4,0,0.533333
L, 0.266667,0.6,0.333333,0.466667,0.2,0.2,0.266667,0.2,0.6,0.133333,0,0.466667,0,0.466667,0.0666667,0.333333
J, 0.133333,0.466667,0.2,0.333333,0.133333,0.6,0.4,0.0666667,0.4,0.733333,0.266667,0.533333,0,0.466667,0.0666667,0.466667
L, 0.133333,0.2,0.2,0.333333,0.0666667,0,0.0666667,0.333333,0.4,0,0,0.466667,0,0.533333,0,0.533333
L, 0.333333,0.666667,0.333333,0.466667,0.133333,0,0.0666667,0.333333,0.4,0,0,0.466667,0,0.533333,0,0.533333
L, 0.266667,0.6,0.266667,0.466667,0.0666667,0,0.0666667,0.4,0.4,0,0,0.4,0,0.533333,0,0.533333
L, 0.133333,0.2,0.266667,0.133333,0.0666667,0.466667,0.2,0.0666667,0.4,0.533333,0.133333,0.666667,0.0666667,0.4,0.2,0.533333
L, 0.266667,0.733333,0.333333,0.533333,0.2,0.6,0.133333,0.0666667,0.466667,0.6,0.133333,0.666667,0.0666667,0.4,0.2,0.6
J, 0.2,0.6,0.266667,0.466667,0.266667,0.666667,0.4,0.133333,0.333333,0.6,0.266667,0.4,0.2,0.466667,0.466667,0.533333
J, 0.133333,0.6,0.2,0.466667,0.133333,0.666667,0.466667,0,0.466667,0.666667,0.266667,0.4,0,0.466667,0.0666667,0.466667
L, 0.266667,0.533333,0.4,0.4,0.466667,0.533333,0.466667,0.2,0.333333,0.466667,0.466667,0.6,0.466667,0.6,0.4,0.4
L, 0.2,0.466667,0.266667,0.333333,0.133333,0.266667,0.266667,0.2,0.533333,0.133333,0.0666667,0.466667,0,0.466667,0.0666667,0.4
L, 0.133333,0.4,0.133333,0.266667,0.0666667,0,0.0666667,0.333333,0.4,0,0,0.4,0,0.533333,0,0.533333
L, 0.266667,0.4,0.333333,0.333333,0.266667,0.466667,0.333333,0.333333,0.333333,0.466667,0.4,0.466667,0.2,0.533333,0.533333,0.733333
J, 0.133333,0.2,0.2,0.333333,0.0666667,0.933333,0.0666667,0.466667,0.333333,0.933333,0.133333,0.733333,0,0.466667,0,0.533333
J, 0,0,0.0666667,0.0666667,0,0.8,0.266667,0.333333,0.2,0.8,0.266667,0.733333,0,0.466667,0,0.533333
L, 0.266667,0.733333,0.4,0.6,0.333333,0.533333,0.266667,0,0.533333,0.6,0.2,0.666667,0.133333,0.333333,0.2,0.6
J, 0.133333,0.466667,0.2,0.333333,0.0666667,0.933333,0.133333,0.4,0.333333,0.933333,0.133333,0.733333,0,0.466667,0,0.533333
J, 0.133333,0.266667,0.2,0.2,0.0666667,0.6,0.466667,0.133333,0.4,0.933333,0.266667,0.533333,0,0.466667,0,0.533333
J, 0.133333,0.533333,0.133333,0.4,0.0666667,0.933333,0.2,0.333333,0.266667,0.866667,0.2,0.6,0,0.466667,0,0.533333
L, 0.333333,0.6,0.333333,0.333333,0.2,0.466667,0.333333,0.2,0.4,0.733333,0.4,0.733333,0.133333,0.466667,0.4,0.533333
L, 0.133333,0.4,0.133333,0.266667,0.0666667,0,0.133333,0.333333,0.4,0,0,0.466667,0,0.533333,0,0.533333
J, 0.4,0.466667,0.533333,0.6,0.466667,0.533333,0.533333,0.266667,0.4,0.466667,0.4,0.466667,0.266667,0.533333,0.533333,0.533333
L, 0.133333,0.2,0.133333,0.266667,0.0666667,0,0.0666667,0.333333,0.4,0,0,0.4,0,0.533333,0,0.533333
J, 0.4,0.533333,0.533333,0.6,0.466667,0.533333,0.6,0.333333,0.333333,0.466667,0.466667,0.6,0.266667,0.4,0.6,0.4
J, 0.333333,0.533333,0.4,0.4,0.2,0.533333,0.533333,0.0666667,0.4,0.933333,0.333333,0.466667,0.0666667,0.4,0.0666667,0.533333
J, 0.266667,0.533333,0.4,0.4,0.133333,0.533333,0.333333,0.333333,0.333333,0.933333,0.533333,0.866667,0.0666667,0.4,0.0666667,0.466667
J, 0.333333,0.666667,0.466667,0.533333,0.2,0.533333,0.533333,0.0666667,0.533333,0.933333,0.266667,0.4,0.0666667,0.6,0.0666667,0.533333
J, 0.2,0.733333,0.266667,0.533333,0.2,0.533333,0.4,0.2,0.4,0.733333,0.333333,0.666667,0.0666667,0.4,0.133333,0.333333
L, 0.2,0.4,0.333333,0.266667,0.333333,0.533333,0.533333,0.2,0.333333,0.333333,0.466667,0.6,0.4,0.733333,0.4,0.333333
L, 0.0666667,0,0.0666667,0,0,0.133333,0.0666667,0.4,0.266667,0,0.2,0.266667,0,0.533333,0,0.533333
